            A        R        N        D        C        Q        E        G        H        I        L        K        M        F        P        S        T        W        Y        V
 1 A  -1.7712   0.5836  -3.2095  -3.4697  -2.8702  -2.8233  -3.1019  -3.5521  -3.0012   1.5783   0.8957  -0.4248   0.8884   1.7627   -3.368  -1.6876  -0.2295  -2.6862  -0.1924   0.8911
 2 A  -2.5401  -1.0048   1.5822   0.2937  -3.1519   1.4918  -1.7016  -0.5027  -2.4414  -1.9609   0.6342   0.8693   1.8135   0.1927  -1.3359   0.0833  -0.2008  -3.0048  -0.3224  -1.7106
 3 A   0.4416    0.656  -0.4113  -2.5969  -2.9318  -2.1291  -0.2471  -0.2033  -2.6782  -0.9515  -0.1371   1.2378  -0.0553  -2.0893  -0.0511   1.4905   1.0448   0.8085  -2.8256  -1.6958
 4 A  -0.2186   -0.248   0.2324   0.1431  -2.9141  -2.4314  -0.1335  -2.3491  -1.5235   0.1407   0.9427  -0.0843  -2.0386   0.3479  -3.0456   1.0536  -0.1796   0.8279  -0.2949   0.3744
 5 A  -2.0804   1.3873  -0.4872   -0.951  -3.1039   0.0917  -0.6509  -1.1028  -0.4201   0.7929   0.4493   0.2051     0.26   -0.738   1.5134  -0.7399   -1.089  -3.0995  -0.0783   0.1285
 6 A   0.8046   0.6362   0.9877  -0.4322  -0.3761  -0.0993  -1.0725  -1.1891  -0.0611  -0.4176  -0.0516   0.4042  -2.3759  -1.1068  -0.2846   1.1916  -0.3271  -3.1973  -0.6826  -0.4737
 7 A  -0.1279  -1.1687   0.6076   1.0494  -2.9973   -2.421  -0.1143    -0.51   0.4142   0.2916   0.7785  -0.5525   1.1151  -1.4179   0.1105  -0.0498  -0.2057   0.4241  -2.6995  -0.4152
 8 A   0.0689   0.6598  -0.4606  -1.2325  -1.5765   0.9666  -1.7824  -1.2866   0.2145  -0.6608  -0.0563   1.2347   2.1646  -1.0131  -0.0762  -2.2834   0.6232   -2.939    0.516  -0.5834
 9 A   0.1917  -0.4284  -1.9153  -2.0911  -2.8254   0.2591   0.1288  -2.3492  -0.8989  -0.6993   0.9508   -0.726   0.0409   0.7665  -0.9044   1.3245  -0.5217   -0.077  -2.3751   0.8209
