            A        R        N        D        C        Q        E        G        H        I        L        K        M        F        P        S        T        W        Y        V
 1 A  -0.7826  -1.8803   -0.523  -3.1191  -0.0048  -1.6907   -2.798  -1.3362  -2.9198   1.7059  -0.6977    1.361   0.3011   1.6134  -2.0015  -0.9685  -0.5651  -2.8286   -0.875   0.8357
 2 A  -1.4147  -0.8073   0.6051  -1.1924  -3.0871   1.7635  -0.8312   0.1841  -0.8273   -0.085   0.7086  -0.0546    0.285   1.3178  -1.9943  -0.5146  -0.8095   0.8511  -1.4006  -0.3005
 3 A   0.7602  -0.2259  -1.7658   0.1661  -1.5189  -1.5096   0.2832   -0.989   0.6443  -0.6877   0.3725  -0.4972   0.2457   -2.549   0.1427    1.027   0.4654    0.843   0.6792  -0.9138
 4 A  -0.1039  -2.7642   0.0904   0.3739  -2.8264  -2.5615  -0.8977  -2.3801   0.1857   0.5939   1.4213  -0.4014  -1.8533  -1.7257  -3.0674   0.5697   0.2383    0.454  -0.3161   0.4222
 5 A  -1.9607   0.2985   0.7976   -2.802  -1.5206  -0.1479  -0.9223  -0.5197  -0.8741   0.8923   0.6301  -2.4959   0.2919  -1.0004   1.1328   0.6458  -0.5306  -3.1481  -0.6606   0.7391
 6 A   0.9364  -0.1094   0.7428   -0.804   0.2748   0.3437    0.095  -1.3996  -2.5521  -1.4011  -1.0093   1.6631  -2.5105  -3.1874  -1.7925   1.3201  -0.2944  -3.3697   -2.954  -0.0263
 7 A   0.5774  -1.5158  -0.0324   0.9997  -2.8713  -2.3661   0.2851  -0.2044  -0.8673    0.309   0.5049  -0.7211   0.6711  -2.7137  -1.2933   1.1364  -1.6904  -3.2343  -1.1317   0.2238
 8 A   -0.214   1.1121  -1.3062  -0.4591   -3.031   0.7425  -0.2366  -0.1152   0.2167  -0.3577  -0.5215   0.3276   0.6575   0.7654   -2.987  -0.8418    1.101  -2.9332  -0.5771   0.1066
 9 A  -0.6247   1.2879    0.234  -1.5625  -3.0476   0.1091   0.0251  -3.1306  -0.0449  -1.1649   0.7435  -0.4549  -2.1018   0.7901   0.5867  -0.0595   -1.058  -2.8295   0.5621   0.6333
