            A        R        N        D        C        Q        E        G        H        I        L        K        M        F        P        S        T        W        Y        V
 1 A  -1.7296   -2.639    1.086   0.2993  -0.3606   1.5784  -1.8126  -2.3889   -1.391   1.1949   0.1335  -0.9404   -1.195   1.0013  -3.1569  -0.4917   0.1133   1.6411   0.8836   -0.611
 2 A   -0.316   0.0069  -2.5307  -0.2701  -2.9935   0.7603  -0.7854  -1.8853   0.8336   0.4032   0.3838   1.0911   1.2785    0.973  -1.9071   0.5072  -0.5329  -0.8505  -2.2372  -0.8289
 3 A  -0.2969   0.4472   -1.884  -0.9565  -2.8314  -2.5046  -2.6864  -0.2183  -1.5279  -0.0119    1.439   0.0754  -1.0778  -0.0228  -3.0437   0.8242   0.4781  -0.8376   0.2013  -0.2238
 4 A  -2.0167  -1.8286   0.2591  -0.0938  -2.9844  -0.0817   0.0494  -0.5063  -2.5831      1.3  -1.1321   0.8142   2.4852  -2.4027  -0.0503  -1.4657  -0.0199   -2.911    0.828   0.2098
 5 A   0.4798  -1.0831   0.8519  -1.7944  -1.4692   0.3262   0.7764  -0.1637  -1.4406  -0.6461   0.5017  -1.4095  -0.7062  -2.8192  -2.8182   1.5681   0.7006  -3.2175  -1.7336  -0.2877
 6 A  -0.2843  -0.0394  -0.0251  -0.4227  -0.3344  -2.3343   -0.091  -2.9203  -2.6292  -0.4533   0.0256   0.2055  -1.2699   0.9776  -0.2594   1.1049   1.0732  -0.8314    0.228    0.226
 7 A   0.7189   1.2007  -0.4014  -0.4185   -3.064  -2.1816  -0.3874   0.7639  -0.3842   -1.429  -0.1283   0.8529  -2.5317  -3.1074   1.8138  -0.1183  -1.7899  -3.3594  -1.7823  -0.8133
 8 A   -0.943   1.0593    0.131   0.6093  -2.9939   -0.993  -0.2273  -1.9079  -2.7041  -0.0422   1.1585   0.3326  -0.2338   0.3663  -1.9308   0.2074    -0.17  -3.0643  -2.5403  -0.2566
 9 A    0.125   0.8119  -1.9277  -2.1803  -2.7926   0.4477  -1.5108  -1.5552   0.2092   0.7504   0.9286   -2.414   0.7364  -0.0444  -3.0811   0.8868  -1.3017  -0.0413   -1.524   0.7727
