            A        R        N        D        C        Q        E        G        H        I        L        K        M        F        P        S        T        W        Y        V
 1 A  -2.6414  -0.5903  -2.7813   0.3146   -3.086   0.6801   -1.148  -1.6958  -2.7044   1.0123   0.6429   1.2844   0.4744  -0.6656  -3.1849  -2.0453  -0.4311   1.7508   1.0271   0.5785
 2 A   0.5797  -0.6665   1.3035  -1.5431  -2.9934  -0.1706  -0.3305    0.336  -1.4907  -2.3707   0.3652  -1.2431    1.936   1.3945  -1.9935  -0.1859   0.0566  -2.8788  -0.9602  -1.1658
 3 A   0.5804  -0.4871  -0.5487   -1.021  -0.8441  -2.6609  -1.2778  -0.7149  -2.8867    0.737   1.3517  -0.4344  -1.1323  -0.6825  -0.6179  -0.2249   0.2996  -0.9128   0.4831  -0.1341
 4 A  -1.6701  -0.2341   1.1933  -0.2486  -3.1095   0.4331   0.5562  -1.8818   1.0773  -0.1955  -0.9813  -0.1976  -0.0827   0.6141  -0.5884    0.651    1.517  -3.0695  -1.0124  -0.6482
 5 A    -1.66   0.7778  -2.5474   -0.008  -0.9102   0.2664   0.3592  -0.7146  -1.5275  -1.1004   0.4847   0.6329  -1.3582  -0.8169   1.6205   0.5372   0.0612  -3.2105  -0.3908  -0.0567
 6 A   0.4631   0.8443   -2.739    -2.15   0.2379  -1.0744  -0.3227  -3.0204  -1.5881   1.0408   0.7154   0.4506   -2.067   -0.319   -0.332   1.2455  -1.7391  -3.1531  -1.1016  -0.3821
 7 A   0.8828  -2.9179   0.1852  -0.3539   -2.773  -2.6992  -2.7826   0.2511   -2.996  -0.1666    1.319  -1.3355   0.8305  -2.5583  -3.0706   0.9068  -0.7797   1.0862   -2.784   0.4354
 8 A  -0.9606   1.3106   0.8623   -2.679  -3.0313  -0.6477  -0.1515  -0.5431  -2.6387  -0.2418  -0.3359   0.3847   1.7016   0.2843  -3.0459   0.5466   0.4212  -3.0918  -1.6456   0.3977
 9 A   0.6489   1.0735   -2.555   0.4434   -3.016   0.8257  -0.2532  -0.6883  -2.6593  -1.2617   0.3414    0.716   0.4347  -1.0925  -1.3392   0.0552  -1.3975  -3.1161  -0.1211   0.5235
