            A        R        N        D        C        Q        E        G        H        I        L        K        M        F        P        S        T        W        Y        V
 1 A   1.4493  -1.0323  -0.5602  -0.8525    -0.71  -0.6958  -0.7924   2.0472  -0.9618   -1.215  -1.2589  -0.6529  -0.9784  -1.3983  -0.7666   0.1737  -0.4418  -1.3515  -1.2613  -0.7332
 2 A  -1.0427   1.0862  -1.1853  -1.5333  -1.4351  -0.6464  -0.9885  -1.4594  -0.8187   0.5251  -0.3897  -0.3783  -0.3581  -0.1245   -1.746  -1.0715  -0.8484   4.3403   0.3622  -0.2062
 3 A  -0.6056   1.0886  -1.1802  -1.4867  -0.8355  -0.6108  -1.0124  -1.6569  -1.1292   1.1375   0.8943  -0.3332   0.3328  -0.3907  -1.3515  -0.9305  -0.4573  -1.1816   -0.746   1.0317
 4 A   0.6769  -0.9092  -0.8011  -1.2038   2.4744  -0.6448  -0.8122  -0.8816   2.0229  -0.3501   0.5108  -0.8556  -0.1029  -0.6488  -1.0602   -0.332  -0.5607  -1.1876  -0.3119  -0.3384
 5 A  -0.5793  -0.1071  -0.0809   1.2771   -1.305   -0.062   0.0613   -1.039   2.0691  -0.2797  -0.8083    0.887   -0.564  -1.0447  -0.9499  -0.4203  -0.5162  -1.3251  -0.3507   0.4017
 6 A  -0.5527   -1.073  -1.4323  -1.6751   2.4818  -0.7689  -1.3045  -1.5122  -1.1292   0.3239   1.0909  -1.0618   2.2582  -0.2174  -1.3991  -0.8168  -0.5238   -1.019  -0.7142   0.1266
 7 A  -0.8531  -0.2602  -0.1853  -0.7056  -1.6152   1.3271  -0.0016  -1.1336   2.9908  -1.0873  -0.8204  -0.2853  -0.4686   1.3909  -1.1935   -0.548  -0.8496  -0.5366   0.7233  -1.1854
 8 A  -0.2156    1.253   1.4275  -0.1915  -1.0247  -0.0127  -0.2428  -0.5945  -0.3284  -1.1625   -1.182   0.1539  -0.7714  -1.3167   -0.771   1.0105   1.1286   -1.365  -0.9881  -0.8569
 9 A  -0.3836   1.9777  -0.2531  -0.7815  -1.2619  -0.0086   -0.433   1.1144   -0.577  -1.2791  -1.1712   0.3776  -0.8186  -1.4156   -0.955  -0.0515   0.9088  -1.2672  -1.0977  -0.9765
