            A        R        N        D        C        Q        E        G        H        I        L        K        M        F        P        S        T        W        Y        V
 1 A   0.8053  -0.7173  -0.5261  -0.8755  -0.5322  -0.4047  -0.6354  -0.6996  -0.9141  -0.2046  -0.1195  -0.5208   1.3884  -0.7658  -0.7113   0.3428   1.7011  -1.1292  -0.8135  -0.0298
 2 A  -1.0929  -0.9092  -0.3045   1.2046  -1.6705  -0.6185  -0.2959  -1.1591   2.0791  -1.0526  -0.8468  -0.8944  -0.7011   1.4722  -1.4698  -0.7642  -0.9725   3.3969   0.7329   -1.224
 3 A  -0.6303   1.9862  -0.4181  -0.9539  -1.3118   0.0203  -0.4127  -1.2264  -0.0417  -1.0066  -0.8894   0.3663  -0.6111  -0.0741  -1.0119  -0.1816   0.9028  -0.2767   1.6655  -0.7844
 4 A   0.8988   -1.145  -0.4171  -0.8077   -0.973  -0.8087  -0.9649   2.5111  -0.9953  -1.5291  -1.5405  -0.7562  -1.2138  -1.5053  -0.9365  -0.0167  -0.6375  -1.3515  -1.4431  -1.1272
 5 A  -0.7953   1.1409  -0.6499  -1.1302   -1.149  -0.3488  -0.6984  -1.4823   2.0481   1.2965   0.0025   -0.206  -0.0219   -0.548  -1.2841  -0.8231  -0.6149  -1.1292  -0.2273   0.3961
 6 A  -0.3939  -1.4789  -1.5272  -1.7346   2.4832  -1.3693  -1.4832   -1.548  -1.4129    0.601   0.0673  -1.4263   -0.015   1.4344   -1.465  -0.8737  -0.4274  -0.7845   0.0677   1.3143
 7 A  -0.6432   1.3862  -0.4343  -0.7056  -1.3494   2.0906   0.2815  -1.1997  -0.2578  -0.5888    0.457   0.4151   0.0041  -0.9733  -1.0368  -0.4195   -0.521  -1.1581   -0.746   -0.646
 8 A  -0.8689   -0.849   1.4728   2.1492  -1.3988  -0.4328   0.1263  -0.8097  -0.5047   0.4662  -0.7168  -0.5575  -0.6705  -1.1151   -1.053  -0.2796  -0.4346  -1.6307  -1.2088  -0.2949
 9 A  -0.6751   1.4179   1.3228   -0.382  -1.3529   0.1834  -0.1908  -0.8892  -0.2672  -0.7302  -0.4005   1.1568   1.3099  -1.0078  -0.9892  -0.2452  -0.3972  -1.2299  -0.8649  -0.7566
