            A        R        N        D        C        Q        E        G        H        I        L        K        M        F        P        S        T        W        Y        V
 1 A   0.5909   -0.306  -0.8616  -1.1411   -1.022   -0.412  -0.6294  -1.0808   -0.806  -0.4314    0.734   1.1688  -0.1944  -0.5222  -1.0101  -0.2792   0.8813  -0.9717   0.7435  -0.4339
 2 A  -1.0496   0.2891  -1.3353  -1.5633  -1.4121  -0.9563   -1.155  -1.6769  -0.8089   0.9663  -0.2568   0.1013   -0.334   1.7799   0.7057  -1.1161  -0.9147   2.2253   1.1871  -0.1526
 3 A  -0.8086    2.318  -0.8079   -1.229  -1.3845   0.7688  -0.5153  -1.5691  -0.7561   0.6794  -0.5024   0.2521  -0.3982  -1.1535  -1.3475  -0.7763  -0.6501  -1.4342  -1.0262   0.6504
 4 A  -0.7142   0.5155   0.4951  -0.8913  -1.4344  -0.4497   -0.697   0.8343   1.0665   0.4719   -0.115   0.8261  -0.5506  -1.1207   0.7878  -0.6362  -0.7546  -1.5017  -0.9216  -0.5121
 5 A  -0.6703   2.1773  -0.3666   0.4132  -1.5955     0.91  -0.0827  -1.1847  -0.5562  -1.1133  -1.2067   1.2119  -0.8295  -1.6032  -1.0754   0.2438  -0.5435  -1.5232  -1.1413  -0.2848
 6 A   0.1309  -1.4207  -1.5583  -1.6188   1.3619   -1.169  -1.3337  -1.4894  -1.5513   0.9967   0.3759  -1.1954   0.9397   -0.761   1.5829  -0.8322  -0.5485  -1.5624  -1.0437   1.1487
 7 A   0.0398  -0.2018  -0.5912  -0.8081  -1.5133  -0.1457   0.4265    0.172    1.954  -1.1116  -0.3253   1.2069  -0.6946  -0.3756  -1.0962  -0.5255  -0.8315  -0.6389   1.5874  -1.0725
 8 A   0.2064  -1.1426  -0.7201   0.2956  -1.0354  -0.8616  -0.8495   0.8779  -1.0813  -0.4159   0.7937  -0.9515   0.8906   0.5525  -1.2357   0.6902  -0.5046  -1.1655  -0.6721  -0.5427
 9 A  -0.6391    1.951    0.622  -0.7022   -1.491    0.087  -0.2706  -1.0733  -0.5409  -1.2329  -1.0055   1.4589   0.6441  -1.4511  -1.0192   0.3475   0.3812  -1.4594  -1.1033  -1.0835
