            A        R        N        D        C        Q        E        G        H        I        L        K        M        F        P        S        T        W        Y        V
 1 A   1.0113  -0.0111  -0.4028  -0.6836  -0.9279  -0.1143  -0.2995   1.5405  -0.7273   -1.242  -1.2386   1.1309  -0.8794  -1.4601  -0.6752   0.0939  -0.4155   -1.342  -1.1306  -0.8552
 2 A   -0.891  -1.4815  -1.6544  -1.7354  -0.9635  -1.3436   -1.536  -1.6911  -1.3064   1.6204    0.332  -1.3723   0.1871    0.023  -1.7175  -1.2906  -0.6373    3.746   0.1319   0.7525
 3 A  -0.7614   1.3961  -1.0523  -1.3987  -0.9563  -0.4455  -0.9014   -1.626  -0.9428   1.0838   1.0281  -0.0978   0.3856  -0.3344   -1.333  -0.9214  -0.5577  -1.1093  -0.7275   0.4161
 4 A  -0.6078   -0.909  -0.7428  -1.2733   2.8113  -0.6716  -0.9062  -1.3274   2.3487  -0.2133   0.7479  -0.9854    0.058   -0.475  -1.2947   -0.733  -0.7185  -1.1093  -0.1211  -0.3719
 5 A  -0.4281   1.6636  -0.5365  -0.8998  -1.1316   0.1585  -0.2027  -1.1956   -0.636   0.0225  -0.4895   1.3597  -0.3173   -1.096  -0.9383   -0.441  -0.3598  -1.2976  -0.8523   0.7105
 6 A  -0.5889  -0.9809  -1.2854  -1.3455  -0.8726  -0.7066  -0.9956  -1.4315  -1.0529   0.1875   1.0701  -0.8172   1.7397  -0.3406   2.2121  -0.7698  -0.5352  -1.1963  -0.7516  -0.0526
 7 A  -0.5085  -0.5028   0.0554  -0.6138   -1.585  -0.1546  -0.3477   1.4402   3.3082  -1.7133  -1.5608  -0.5303  -0.9635  -0.9256  -1.0915  -0.3944  -0.9372  -0.9774   0.3288     -1.7
 8 A    0.178  -0.7199  -0.0396  -0.4883  -0.7587  -0.4125  -0.5211   1.5149  -0.8028   -1.058  -1.1909  -0.4421     -0.8  -1.2701  -0.6752   1.1834   1.3234  -1.2976  -1.1149  -0.7312
 9 A  -0.3599   1.6664  -0.2337  -0.6658  -1.5199   0.1875  -0.1802   1.4395  -0.4965  -1.6039  -1.3883   1.3831  -0.9491  -1.5785  -0.8847  -0.2514  -0.6094  -1.3064  -1.1338  -1.3703
