            A        R        N        D        C        Q        E        G        H        I        L        K        M        F        P        S        T        W        Y        V
 1 A  -0.1261   0.0518   0.7576  -0.0639   0.0811   -0.169  -0.0614  -0.1962   1.0693  -0.5997  -0.2264    0.391  -0.0382  -0.5118  -0.6099   0.3764  -0.2684   0.1875   0.7078  -0.5133
 2 A  -0.4978  -0.3144  -0.2027  -0.8174  -1.4019  -0.2069  -0.5448  -1.3553   0.4024   0.2776   0.3052  -0.3142   0.0562   1.4854  -1.6073  -0.5689  -0.3949    0.317   1.4538   0.3646
 3 A  -0.6322  -0.9775  -1.0664  -1.2065  -0.5746  -1.0082  -1.2083  -1.8339  -0.8069   0.7018   1.2117  -0.9362   0.5947     1.53  -1.7643  -0.8437  -0.5376    0.799   0.4359   0.4593
 4 A  -0.3995   0.1096  -0.1908  -0.8821  -0.3191   0.5954  -0.1905  -0.5846  -0.4094   0.4681   0.0293   1.0099    0.314  -0.6435  -0.9804    -0.04  -0.0999   0.1809  -0.3643   0.3948
 5 A   0.8762   0.2817   0.2161  -0.7087  -0.5729     0.15  -0.3906   0.6471   0.5078  -0.8284   -0.655  -0.1482  -0.5781  -0.9813  -0.4238   1.0131    0.343   -1.628  -1.1352  -0.6849
 6 A  -0.3571  -0.2921   0.3151  -0.9034   0.0718  -0.0541  -0.4496  -1.1217  -0.1368   0.3777   0.9476  -0.5341    0.687    0.027  -0.7693   0.0259   0.0512  -1.3835  -0.4555   0.2889
 7 A   0.2307   0.2843  -0.0187  -0.5338  -1.3873   0.3452   0.0075   0.0862  -0.1573  -0.5332  -0.5498   0.3741  -0.0325  -0.9943   1.3928   0.5755  -0.1108  -1.5695  -0.2542  -0.3934
 8 A   0.3691    0.053   0.6337  -0.4319  -0.6584  -0.6849  -0.6123   0.2856      0.2  -0.6746  -0.3423  -0.0172  -0.5049  -0.6981   0.1815   0.8749     0.51  -0.0017  -0.0961  -0.2988
 9 A  -0.5887   0.1302  -0.0437  -0.8197  -1.3856  -0.2541   -0.273  -1.5071  -0.1182  -0.0121   0.7251   0.3063   0.0509   0.1689   1.0971  -0.0784  -0.0574   0.4617   0.0063  -0.0836
