            A        R        N        D        C        Q        E        G        H        I        L        K        M        F        P        S        T        W        Y        V
 1 A  -0.6341  -0.7821  -0.7536  -1.6328  -0.0025  -0.6019  -1.0271  -1.3615  -0.0612   0.2962   0.4035  -0.6021   0.2199   1.7857  -1.2274  -0.4674  -0.6668   0.7428   1.9621  -0.0573
 2 A   -0.352    0.443   0.5132   -0.306  -0.0762  -0.0803  -0.2414  -0.2794   0.9429  -0.1303  -0.2502   0.4354   0.1884   0.1723  -1.3938   0.2012  -0.2808   0.7211  -0.1585   0.0047
 3 A  -0.3163  -0.2803  -0.7863  -0.7571  -0.4759   -0.279  -0.6183  -0.4152  -0.4951   0.2777    0.762   0.0485   0.0209   0.5462  -0.9313  -0.1311   0.1744   1.3793   0.0768   0.1803
 4 A  -0.2181  -0.5115  -0.2104  -1.5029   -1.197   0.2417  -0.9213    -0.99  -0.5145   0.4664   1.2621  -0.7726   1.4363   0.0974  -1.1265   -0.726  -0.3135   0.0645  -0.1053   0.2521
 5 A  -0.0829   0.7776   0.1396  -0.5863   0.0462   0.1848  -0.1441  -0.6389  -0.0703  -0.1817  -0.0604   0.9876  -0.3118  -0.8079   0.1445   0.1427  -0.2507  -0.0979   0.0663   -0.322
 6 A   0.6745  -0.5919   1.2075  -0.3941  -1.2641  -0.3128  -0.0746   0.1009   0.8461  -0.4416  -0.7216  -0.1418  -0.6358  -0.6741  -0.6807   0.9518   0.4206   -1.554  -0.5255  -0.5614
 7 A   0.0789   0.0442  -0.7365  -0.8284  -1.2906  -0.2705  -0.0985  -1.1856  -1.2254   0.2786   0.1004  -0.4184   0.2729  -0.1672    1.973  -0.1484  -0.1921  -1.6016  -0.6296    0.455
 8 A   0.0496   0.6168   0.4168   0.0716  -0.4978   0.3644  -0.2182    0.012   0.0999  -0.2013  -0.5073   0.4372  -0.3702  -0.7999  -0.6805   0.5772   0.4239  -1.5613  -0.6014  -0.2944
 9 A  -0.0484   0.0241    -0.27  -0.6764   0.0402  -0.0816  -0.2994  -0.1727   0.2857  -0.0301   0.4423  -0.2656   0.1978  -0.5819  -0.3897   0.3381   0.4042   0.2324  -0.3621    0.245
