            A        R        N        D        C        Q        E        G        H        I        L        K        M        F        P        S        T        W        Y        V
 1 A  -0.7858  -0.6496  -1.2077  -1.7255  -1.3565   -0.825   -0.931  -1.0797  -0.9009   0.3715   0.9039  -0.8085   0.7418    1.653  -0.9589  -0.7866  -0.6343   0.9907   1.5913   0.0915
 2 A   -0.493   0.5923   0.6889   0.1391  -0.2965   0.5932   0.1968  -0.8551   0.5211  -0.3872  -0.5184    1.235  -0.5513  -0.9938  -0.4057   0.0818   0.0109  -0.1527  -0.1101   -0.715
 3 A  -0.1014   0.3276   0.2103  -0.7004  -0.3891  -0.3773  -0.5097  -0.3195   0.4758  -0.6667   -0.348   0.5827  -0.0014   0.4296  -0.7562   0.0637  -0.0999   1.6828   1.3007  -0.4025
 4 A  -0.4547  -0.7811  -0.5042  -1.2084  -1.1433  -0.4185  -1.0796  -1.2356  -0.6277   0.5604   1.3937  -0.7589   0.7492   0.2311  -1.0046  -0.3961  -0.4703   -1.251   -0.014    0.736
 5 A  -0.3733  -0.0785  -0.2273  -1.3099   0.3778   0.0331  -0.8118  -0.6628  -0.5332   0.5812   0.4237  -0.0737   0.9001  -0.0613  -0.4071   0.3176  -0.0119  -1.3866  -0.2659   0.5482
 6 A    0.642   0.1638   0.9621  -0.2466  -0.4804   0.1307  -0.1951   0.4557    0.298  -0.3716  -0.7841  -0.0544   -0.217  -1.4765  -0.4459   0.7387   0.3785  -1.6926  -1.2433  -0.6846
 7 A  -0.1597   0.4313   0.2707   -0.792  -1.3127   0.4271   0.0781  -1.0827  -0.4141   0.2222   0.3732  -0.1358   0.0352  -0.0825  -0.0556   0.2553   0.1808  -1.3891  -0.1767    0.202
 8 A   0.2089   0.1158   0.0285  -0.6887  -0.8972   -0.327   0.1134    0.014   1.0439  -0.5423  -0.3233   0.2494  -0.0216   0.1811   0.8348   0.1578  -0.3236   0.4174   0.2618  -0.5712
 9 A  -0.0615  -0.4964  -0.1006  -0.7513  -0.2996   -0.459  -0.6549  -0.1234   0.5696  -0.1727   0.1371  -0.0943  -0.2434  -0.0831   0.4441   0.4913   0.8128  -0.0031   -0.252   0.1447
