            A        R        N        D        C        Q        E        G        H        I        L        K        M        F        P        S        T        W        Y        V
 1 A  -0.4976  -0.3671    -0.36  -0.6879  -0.1092   0.2529   -0.753  -1.2332   0.5908   0.3651   0.5377  -0.5316    0.094   1.0718  -0.9743  -0.1648  -0.1052   0.4048   1.1089  -0.0377
 2 A  -0.5983  -0.3085  -0.1562  -1.1598   0.3354  -0.7242  -1.0546  -1.4093  -0.1776    0.555   0.9469   -1.222   0.3724   1.5018  -1.7542  -0.8518  -0.7026   0.9024   0.5908   0.2634
 3 A  -0.6299    0.751   0.2255  -0.4745  -0.8514   0.2897   0.1284  -0.7748   0.5892  -0.1975   -0.145     1.12  -0.1404  -0.8379  -1.3264  -0.0451   0.1339   1.4617  -0.0546  -0.3036
 4 A   0.4426     0.15   0.0312  -0.7251   -0.323  -0.2906  -0.3859   0.0364  -0.3643  -0.3693  -0.2346   0.5247   0.2618   0.1869  -0.1816   0.1444   0.3285  -1.3047   0.1845  -0.0379
 5 A  -0.6195  -0.7945  -0.6638  -1.0134   -0.294  -0.0803   -0.717  -1.1199   0.7444   0.6877   1.1446   -0.958   0.7078   0.3051  -1.6241   -0.462  -0.5266  -1.1059   0.6344   0.4748
 6 A  -0.0846   0.6765  -0.6079  -0.5357  -0.4855  -0.1695   -0.349   -0.444   0.2224  -0.5756  -0.5461   0.5513   0.9458  -0.7381   1.4391   0.6145  -0.1041  -0.4854  -0.3913  -0.3776
 7 A   0.3481   -0.026   1.4663  -0.2506  -0.4151   0.1719  -0.3945   0.2167  -0.2329  -0.9754  -0.9483   0.1287  -1.0265   -1.069  -0.1195    0.866   0.7811  -1.6471  -0.7154  -0.7403
 8 A   0.0536  -0.0069  -0.6893  -0.7061  -1.2811  -0.0365  -0.0675  -0.8801  -0.4475   0.5223   0.6415   0.1351   0.2391   0.1579  -0.2109  -0.0259  -0.0894   0.5055  -0.4437   0.1119
 9 A   0.1957   0.0686  -0.5074  -0.7201  -0.3654    0.173  -0.4373  -0.0151  -0.4784  -0.1333  -0.0037  -0.3113  -0.1138   0.3631  -0.2009   0.7259   0.3017    0.124  -0.1708   0.1692
