            A        R        N        D        C        Q        E        G        H        I        L        K        M        F        P        S        T        W        Y        V
 1 A  -0.2817  -0.0486  -0.8108  -1.0375  -1.3643  -0.5492  -0.5378  -1.0083  -0.4483   0.8234   0.3187   0.0578  -0.0948    1.309  -0.5013   0.0513  -0.3743   1.2748   0.3888  -0.1114
 2 A  -0.4915  -0.4311  -0.1341  -1.0763   0.1599  -1.0679  -0.6321  -1.1734   0.2366   0.2678   0.7412  -0.9049   0.4535   1.0156   -0.732  -0.7298  -0.5584   0.2559   1.1408   0.6384
 3 A  -0.6471   0.7843  -0.4502  -0.3007  -1.6058   1.1229  -0.0458   -0.641   0.7965  -0.3295   0.1629   0.9429  -0.2405   -0.356  -0.6545  -0.1433  -0.3486   1.0572   0.1101  -0.6386
 4 A   0.0821   0.0086   0.3914  -0.2898  -1.3608  -0.0916  -0.1984   0.2295  -0.1582  -0.4674    0.065  -0.0655   0.5738   0.3188  -0.0729   0.3076   0.0362    0.049   -0.298  -0.1899
 5 A   0.1109  -1.3264  -0.2488  -1.1769   0.1741   -0.512  -1.0312  -0.4227   -0.644   0.9722   0.9454  -0.9017   0.9144    0.041  -0.8846  -0.3662  -0.4263   0.8856  -0.2086   0.1627
 6 A  -0.5732  -0.2461   -0.808  -0.7706  -0.6102  -0.4229  -0.5942  -0.4891  -0.0244   0.5519   0.3736   0.0028   0.1087   0.2176  -0.5924  -0.3669  -0.0094   1.6828   0.3571    0.743
 7 A   0.4408  -0.3747   0.5704  -0.5713  -0.2749   0.0238  -0.4855   0.2258   -0.376   -0.423  -0.8659   -0.272  -0.1045  -0.1901  -0.5351   1.3212   0.5973  -1.5158   -0.561  -0.1527
 8 A  -0.0786  -0.2225  -0.7398  -0.8323  -1.3288  -0.4269   -0.683  -0.4954  -0.5544  -0.1521   0.3262   -0.337  -0.1107  -0.5558   2.0498  -0.0999   0.3373    0.727  -0.2478   0.0405
 9 A  -0.0936   0.8641   0.5716  -0.4476   0.3379   0.5062  -0.3125  -0.4812   0.0747   -0.568  -0.1783   0.2319  -0.1819  -0.0783  -0.4038   0.7715   0.0052  -0.4338  -0.4332  -0.6516
