            A        R        N        D        C        Q        E        G        H        I        L        K        M        F        P        S        T        W        Y        V
 1 A  -0.2656   0.7369  -0.3363  -0.5971   0.1268   1.0941   -0.428  -0.8694   0.8646  -0.1649  -0.3104   0.3705  -0.0735  -0.7023  -0.9237   0.0119  -0.1434   1.9416   0.5071  -0.1706
 2 A  -0.3006    0.203  -0.1432  -0.8112    -0.27  -0.0979  -0.4521  -1.0093   0.5619   0.2481   0.2143   0.5056   0.0829   0.2269  -0.1808  -0.4048  -0.2908   0.3873   1.0482    0.126
 3 A  -0.4158  -1.0563  -1.0089   -1.757  -1.3396  -0.8275  -1.2304  -0.9858  -1.1002   0.4501   0.7958  -1.1443   0.2226   2.0392   -1.208  -0.8258  -0.4223   1.4599   1.0335   0.0949
 4 A  -0.4593  -0.6362   -0.828  -1.0568  -0.6565  -0.2518  -0.8559  -0.9275  -0.4852   0.6405   1.0827   0.0461   1.3497  -0.1958  -0.5295  -0.3322  -0.0628  -1.4477  -0.9566   0.5522
 5 A    0.245  -0.2078   0.9249   0.0143   -0.078   -0.589  -0.1588   0.6355  -0.1704  -0.9046  -1.1027   0.2666  -0.4039  -1.4623  -0.0837   1.0173   0.5581   -0.085  -0.7285  -0.6174
 6 A  -0.1152  -0.5164  -0.7654  -1.0251  -0.3427   0.2321   -0.461  -0.3932  -0.5709   0.6969   0.4759  -0.5096   0.5664  -0.0745   0.3918   0.0681  -0.2501   0.3173  -0.2679   0.4926
 7 A  -0.0931   0.5314   0.0643  -0.5204  -0.7353  -0.5046  -0.3712   0.3001   0.0955  -0.2676   -0.047   0.1805  -0.4176   0.3404   0.4279   0.4086  -0.2994  -0.2674   -0.299  -0.0916
 8 A  -0.0977  -0.5151   0.0579  -0.1604   0.1312  -0.0464   0.0712  -0.6013   0.0065  -0.2158  -0.0373  -0.4456  -0.3677  -0.2368  -0.0366   0.5934   0.8471   0.3937  -0.1552   0.2849
 9 A    0.147   0.0972   0.6846   -0.555  -1.3431  -0.2748  -0.6438  -0.3626   0.1566    0.003   0.0801   0.0915   0.0194  -0.5845   0.6144   0.0881   0.0559   1.2574  -0.5223   0.0651
