            A        R        N        D        C        Q        E        G        H        I        L        K        M        F        P        S        T        W        Y        V
 1 A  -0.3349   0.6535   0.0875  -0.5376  -0.2666   0.7447  -0.0671  -1.0263   0.3146   0.0961  -0.0966    0.536  -0.2674    0.614  -0.6371  -0.0478   -0.417  -0.0692   0.5998  -0.4034
 2 A  -0.6407  -0.9651  -1.0227  -1.7379  -0.6933  -1.2835  -1.1841  -1.3042  -0.2345   0.3943   0.4873  -0.8631   0.6207   2.0017  -1.2468  -0.7533  -0.3327   1.4286   1.3679   0.2583
 3 A  -0.3794  -0.1546   -0.479  -0.4556  -0.7767    0.224  -0.3936  -0.4966   0.5328  -0.1046   0.5246   0.3066   0.9203  -0.4621  -0.5839   0.0088  -0.0102   0.8638   0.2874    0.198
 4 A   -0.127  -0.2736   0.9551  -0.1766  -1.4314   0.2897  -0.1946   0.6356   0.1136  -0.2203  -0.0747   0.0758   0.0594  -0.8321   0.1442   0.4189   -0.429   0.3835  -1.1064  -0.3286
 5 A   0.2494  -0.3365  -0.4962  -0.8204  -1.1697   -0.419  -0.6827  -0.7889  -0.7549    0.902   0.4596  -0.3122   0.7972  -0.1011  -0.7505   0.3955  -0.0749  -0.0661   0.0784   0.3018
 6 A  -0.5939  -0.4571  -0.9543  -1.1406   0.2549  -0.6095  -0.6697  -1.3156  -0.3125   0.7858   0.8154  -0.6535   0.4459   0.3597   0.3133  -0.6344  -0.2394  -1.3348  -0.1286   0.9722
 7 A   0.2107   0.2947   0.8082  -0.0949  -0.0586  -0.2224  -0.1303   0.3619  -0.1215  -1.1805  -1.2384   -0.058  -1.0903  -1.0063  -0.4807   1.3241   0.7592   0.5176  -0.6354  -0.8414
 8 A   0.0764  -0.3245  -0.3042  -0.5468  -1.3677   -0.174  -0.2283  -0.7279   0.1198  -0.3401   0.1161   -0.326  -0.3825   0.4996   1.6422   0.1046   0.3385   -0.031   0.2283  -0.3432
 9 A   0.0697   0.5849     0.03  -0.6939  -0.2917  -0.2645  -0.0835  -0.4375   0.2559  -0.3501   0.4286   0.3378    0.143  -0.3067  -0.8818   0.3428   0.3495   0.2758  -0.4293  -0.3768
