            A        R        N        D        C        Q        E        G        H        I        L        K        M        F        P        S        T        W        Y        V
 1 A  -0.4378   0.1929  -0.5356   -0.645  -0.7643  -0.1104  -0.5421  -1.1242  -0.4014   0.5713   0.2984    0.263  -0.4132    1.151  -0.5354   0.0086  -0.3139   0.0745   0.4842   0.2057
 2 A  -0.5433  -0.5615  -1.1428  -1.7759  -0.3913  -1.1869  -1.1501  -1.3471  -0.2294   0.3496     1.04  -0.7842   0.9768   1.6346  -1.7407   -0.967  -0.6171  -0.5936   1.5469    0.001
 3 A  -0.3632   0.5983   -0.018  -0.4261  -0.0134    0.553  -0.2784  -0.0641   0.4769   -0.482   0.0068   1.0181   0.3173  -0.8883  -0.6714   0.1478  -0.0942  -0.3778  -0.3992  -0.2559
 4 A   0.1616  -0.2131   0.7996  -0.2505  -1.3486  -0.2465  -0.4504  -0.0625  -0.4375  -0.2812   0.3153  -0.2371   -0.057  -0.0402   0.2403   0.3171  -0.1325   1.4912   -0.324   -0.362
 5 A  -0.5288  -0.7054  -0.6011  -1.5133  -1.2074   -0.374  -0.8702  -1.1002   -0.501   0.8364   0.9138  -0.5682   1.2608   0.0165  -1.0194  -0.0947  -0.1745   1.3394   0.5324   0.4145
 6 A  -0.4038   0.1308  -0.6523  -1.0258  -0.7594  -0.4681  -0.5655  -0.3206  -0.0226   0.5036   0.2142   0.0922  -0.0332   0.1618  -0.0606  -0.3193   0.0332   0.9391   0.0577   0.8073
 7 A   0.5478  -0.7388   0.9813   0.2733  -0.4196  -0.3629  -0.1908   0.3503   0.1557  -0.3852  -0.6419  -0.3907  -0.9265  -0.4963  -0.1819   0.9106   0.3571  -0.1762  -0.6523  -0.6711
 8 A  -0.0271  -0.1612  -0.2607  -0.7495  -1.3667   0.2247   -0.013  -0.7831  -1.0634  -0.4529  -0.0056   0.0325  -0.2098   0.2221    1.493   0.1656   0.0765   1.4481  -0.2841   0.1235
 9 A   0.2988   1.1168   0.1381  -0.4944  -0.0843   0.0688   -0.247  -0.2591   0.4651  -0.5286   -0.474   0.0163   0.0501  -0.1931   -0.836   0.7393   0.3645   -1.449  -0.4649  -0.5114
