            A        R        N        D        C        Q        E        G        H        I        L        K        M        F        P        S        T        W        Y        V
 1 A   0.5884  -0.9925  -1.2336  -1.4142   0.4949   0.2281  -0.5578  -1.2769  -0.0124  -0.2303   0.0245  -0.3192   0.1779    1.764  -1.3947  -0.4665  -0.8046  -0.4101    1.666  -0.1575
 2 A   -0.977   -0.469   0.6255  -0.5752  -1.3517   0.2428  -0.9575  -1.4482  -0.7913    0.157   0.3742  -0.9535   0.6342   1.4737  -1.6267  -0.3258  -0.4288   2.5096   0.6863    0.026
 3 A  -0.0503  -0.4234  -0.4495  -1.2332   0.7858   0.2764  -0.9456   0.6994  -1.0392  -0.1557   0.7158  -0.4647  -0.2746   0.2167  -0.4753   0.3582  -0.6168  -1.1943  -0.0032   0.0542
 4 A  -0.4937  -0.5716   1.0301   0.8854  -1.3195    0.171   0.8563  -0.4846  -0.7223  -0.3001  -0.8047   0.3915  -0.8083  -1.4018  -1.0574   0.9551   0.1689  -1.6615  -1.2437   0.1656
 5 A  -0.0083   -0.152   0.8045   1.2179   1.1312   0.1962   0.5988    -0.97   1.1104  -0.9181  -0.6015   0.1782  -0.1079  -1.3857   -1.101    0.646  -0.5177  -1.6265  -1.0216  -1.0601
 6 A  -0.1937  -0.7563  -1.2861  -0.8844   0.3321  -1.0827  -1.1759  -0.5904  -1.2966   0.5146   0.5084  -0.6355   0.1493   0.4375    1.572  -0.4266  -0.2234  -1.2715  -0.0543    0.726
 7 A   0.1974   0.2431   1.1346   -0.228  -1.2991  -0.4551  -0.1784  -0.6217   0.2875  -0.2046  -0.7066    0.302   0.2888  -1.0238   0.7249    0.355  -0.2521    0.951   0.0062  -0.1925
 8 A   0.0373  -0.2313  -0.3198  -0.5993  -1.1895   0.2458  -0.4293  -0.1406   0.2639   0.1275   0.2611    0.046   1.1986   0.0454  -1.2635   0.1233   0.1241  -0.9451   0.8471  -0.2492
 9 A   0.3201  -1.3573  -1.2794  -0.6797  -0.9194  -1.1604  -1.2638  -0.0358  -1.4762   0.7162   1.3249   -1.219   0.1153  -0.1386  -1.4071  -0.0883  -0.1974  -1.3487  -0.9187   0.6357
