            A        R        N        D        C        Q        E        G        H        I        L        K        M        F        P        S        T        W        Y        V
 1 A   0.0566     0.79   0.7073  -0.8372   1.0232   0.3966  -0.5931  -0.4241  -0.8409  -0.6961   0.2154   0.3142  -0.5079  -1.1966  -1.1392    0.904   0.0866  -1.5542  -1.1652  -0.1875
 2 A   -0.663  -0.1092   0.1918   0.0226   0.0174   0.5591  -0.1207  -0.3941  -0.4643  -0.3725  -1.0857  -0.0384  -0.8629   0.2166   0.4514   0.6947  -0.3009   2.1078   1.5473  -0.9412
 3 A  -1.0006  -0.1745   0.8311   1.2325  -1.5721  -0.7706  -0.6032   0.3391  -0.8346  -0.0281  -0.3105   0.1293   0.3503   1.6116  -1.4617  -0.7356  -0.8736  -1.0028  -0.2294  -0.7817
 4 A  -0.4082  -0.2304  -0.3338   0.4172   0.7083  -0.7978  -0.3224  -0.4976   -1.072  -0.3519   1.0974  -0.2074  -0.1617   0.2769    0.378  -0.0551  -0.7269  -1.2521  -0.1703  -0.3103
 5 A  -0.2146   0.1151   1.0165  -0.2795   0.0765  -0.5942  -0.1402   -0.207   0.4823  -0.6664   -0.609  -0.3593   0.1867   0.7676   0.1077   0.4408  -0.5497  -1.0606   0.4633   0.1333
 6 A  -0.0066   0.3359  -0.5536  -0.6527   0.5854  -0.3022  -0.4922  -0.1116  -0.0209  -0.0912   -0.513  -0.1831   -0.153    0.289   -1.505  -0.8009  -0.8206     3.08   0.5533   0.4783
 7 A   0.0004   0.5249  -0.1519  -0.2824  -1.3689  -0.5307   0.4485  -1.2854   0.1646  -0.0808  -0.1231  -0.1671  -0.5614   1.1841   0.7747   0.0181  -0.7088  -0.9441   0.5724  -0.3008
 8 A   0.6317  -0.2452  -1.1208  -1.3134   1.4034  -0.7841  -0.5394  -1.1944  -1.0596   0.4405   0.2763  -0.3034    0.568   -0.642  -1.2229   0.3482   0.0569   -1.176    0.468   0.6243
 9 A   -0.256  -0.4229   -0.447   0.2867  -1.2376   0.3783  -0.2718   0.0585  -1.0126  -0.1982   0.9953   -0.089   0.3869   0.7233  -1.3484   0.0378  -0.3937  -1.1872  -0.6238  -0.5354
