            A        R        N        D        C        Q        E        G        H        I        L        K        M        F        P        S        T        W        Y        V
 1 A   0.3501    0.159   0.4028  -0.4193  -1.1606   0.1929  -0.2842  -0.3362  -0.7915  -0.1039  -0.0025  -0.0973   0.3896   0.2453  -0.4724    0.411  -0.1449  -1.1461   0.2812   0.1349
 2 A  -1.2381  -0.5704  -1.3737   -1.733  -1.5696  -0.0446  -1.2081  -1.7671   0.8183   0.0061   0.0419  -1.1774   0.4305    2.062   -1.851   -1.258  -1.1388   2.8513    2.162  -0.6338
 3 A  -0.8121   0.5949   0.6035   0.2748    -1.29   0.1196  -0.6886  -0.4743  -0.9585   0.1129   0.7661   0.1907  -0.2169   0.1875  -1.4014  -0.2731  -0.6692  -1.3576  -0.8262   0.4265
 4 A  -0.5925   0.4325   0.0451   -0.033   0.2855   0.4562    0.028   0.2032  -0.8284  -0.4797    0.157   0.3958   0.0265  -1.0555   0.5259   0.4639  -0.2132   -1.418   -0.246  -0.3981
 5 A    0.085  -0.2205   1.1138   1.0781  -1.2783  -0.3692   0.4313  -0.4301  -0.7537  -0.2185   -0.546   0.2022   -0.088  -1.3395  -1.0637    0.809    0.325  -1.6468  -1.2632  -0.5248
 6 A  -0.0855  -0.4187  -0.1859   0.0577   2.0433  -0.8072  -0.1146  -1.3417  -0.2333   0.0189   0.1655  -0.2851   0.0527   0.8231  -1.3886  -0.3543  -0.1012    0.787   0.0552  -0.0072
 7 A   0.3674   0.1209   -0.914  -1.1142   0.3316  -0.0913  -0.8051   -0.015  -1.1012  -0.3433  -0.7542  -0.3292  -0.8387   0.1538   2.2734   0.5804  -0.2245   -1.577  -0.9191  -0.3811
 8 A  -0.1127   0.1098   0.7983  -0.0163  -1.3332   -0.669  -0.1806  -0.3379  -0.6693  -0.4529   0.0255  -0.7081   0.4935   0.7167  -0.3029   0.4233  -0.6156   1.7953   0.7898  -0.5517
 9 A  -0.0187  -0.0271  -0.9842  -0.3488  -1.1805  -0.1066   0.2399   0.0677  -1.0578   0.0006   1.0634  -0.1862   0.8707    0.307  -1.3383   0.0562  -0.7002   -1.246   -0.775  -0.4253
