            A        R        N        D        C        Q        E        G        H        I        L        K        M        F        P        S        T        W        Y        V
 1 A  -0.1342  -1.0136  -1.3314  -1.3864  -1.1626  -0.3343  -0.2358  -1.5244  -0.9958   0.6495    0.131  -0.1237    1.038   1.7879  -1.5094  -0.5894  -0.7425   0.8735   0.5493   0.6033
 2 A  -1.0686  -0.5601  -0.5261  -0.2015    0.821  -1.1475  -1.1956  -1.6798  -1.0034  -0.1747   1.0282  -0.5039  -0.0752   1.5879  -1.7328  -1.1659  -0.9596   2.4322   0.8213   0.0202
 3 A  -0.3486   0.3405   -0.852   -1.159  -1.1832   0.8988  -0.6324   -0.227   0.4357   0.6366   0.2305   0.1731    -0.29  -0.8636   0.0217   0.0168   0.1483   -1.331  -0.1717   0.4313
 4 A   -0.117    -0.29   0.8831   0.0575   0.2915   0.2573   0.4589  -0.5743  -0.7764  -0.0952  -0.5437  -0.0105  -0.0308   0.2853  -0.2922   0.5985  -0.0929  -1.3819  -0.7852   0.1192
 5 A  -0.0565  -0.4223  -0.0003   1.9637  -1.4831  -0.5239   0.3861  -0.5024  -0.8569  -0.4904  -0.3883   0.1176  -0.8013   0.8687   -1.182  -0.0647  -0.2939  -1.3059  -0.6446  -0.9227
 6 A  -0.2324   0.0792  -0.2741  -0.9868  -1.0755  -0.5999  -0.3361  -1.1828   0.4979  -0.0396   0.2055  -0.3032   0.0769  -0.9567   0.9078   0.9129   0.4211   0.9461  -0.8321   0.4766
 7 A   0.3347  -0.4063   0.3577   0.1861   -1.229  -0.5937  -0.0194   0.5662  -0.9798  -0.5979   -0.655  -0.0513  -0.8901   -1.464    1.835   0.5479  -0.4893  -1.7691  -1.3355  -0.0715
 8 A   0.2209   0.1686   0.4761   0.2114  -1.1217  -0.0944  -0.0572  -0.0955  -0.9523   0.4299   0.2915  -0.3243   0.2765   -0.998  -1.2045   0.3311  -0.0753  -1.5106  -1.1317    0.188
 9 A  -0.0609  -1.0561  -1.2697  -0.8249  -1.0672   -0.945  -0.7489  -0.0451  -1.1393   0.4561   1.0015  -0.1605   0.9363   0.7853  -1.4485  -0.8594  -0.3159  -0.9595    0.363   0.4958
