            A        R        N        D        C        Q        E        G        H        I        L        K        M        F        P        S        T        W        Y        V
 1 A  -2.5545  -2.4593   0.3927  -2.7236  -0.3467   0.9932   0.3024  -3.1744  -2.4988   0.6533   0.4095   0.5914   0.7254   1.4963  -0.2746  -0.0403  -1.0359   0.9085   0.7809  -0.4814
 2 A  -0.7399  -0.7958   1.0227  -1.9297   0.2929  -0.0871    0.053   -0.187   0.2891  -0.5056   -1.373   0.0903  -1.3465   1.7109  -3.0954   0.5207   -1.787   1.6683   1.3583  -0.0881
 3 A  -0.3928  -0.1448   1.2682  -0.3728  -2.9469  -1.4562  -1.0411  -0.9465    0.859  -0.6125  -0.1481   0.7721  -2.2995  -0.7273  -0.5063   1.1773  -0.1129  -0.0394  -0.5916     0.66
 4 A  -0.7286   1.0653  -2.7369   -2.981  -2.8449   0.1208  -0.6386  -1.9361  -2.8063  -0.0963   1.4608  -0.4529  -0.5327   1.0036  -3.0651   0.5156   0.7694  -2.8847  -2.3046  -0.2024
 5 A   0.3191   0.4986  -0.3963  -1.5121  -2.9423   1.2056  -1.3424  -0.1754  -0.7726   0.3981  -1.3593   0.6287  -0.7289  -0.0667   0.1777   0.5459   0.0165   -2.912   0.5702    0.324
 6 A   0.6074   0.4538  -2.6289  -2.1511   0.3181  -1.0716  -2.6796   0.8322   0.9921  -0.0708   0.9011  -0.6831  -1.2002  -0.6792  -0.8603   0.4391  -0.1613   1.4297  -0.9721  -1.0323
 7 A   1.1932  -1.4707   0.7491  -0.8255  -2.7857  -0.6236   0.4135  -2.7637   1.0048   0.3445   1.1356  -1.8859  -0.2248   -2.552  -0.5079   0.8592   -2.233  -3.1269  -1.0301  -0.9627
 8 A  -1.3637    0.568  -0.6835   0.0579  -3.0528  -2.3235   0.1853  -1.2767  -2.6299   0.4228  -0.4528   0.1129     1.39   0.1119   2.0386  -0.4892   -1.795  -2.9554   0.5674   0.4073
 9 A   0.0937  -0.9394   0.5868  -0.3457  -1.4804   0.7933  -0.4954  -0.7117  -0.7764   -1.121  -1.4886   0.9966   -0.355  -1.1244  -1.1903   1.7144   1.3534   -3.249  -2.7703  -0.4511
