            A        R        N        D        C        Q        E        G        H        I        L        K        M        F        P        S        T        W        Y        V
 1 A  -0.8078  -1.6255  -3.0025   -1.002   0.7149   0.4024  -0.3302  -0.0341  -2.4498   1.1451   0.3916  -2.8279   0.0496   1.1871  -3.3058  -1.6208  -1.9366   1.4432   2.2927  -0.4599
 2 A  -0.1049  -0.2106   1.0735   -2.628  -3.0162  -2.3698   0.0189  -2.2869    0.458   0.0022  -0.4033   0.1824  -0.7282   1.8118  -3.0623   0.7491    0.241   1.6243  -0.7763  -0.3026
 3 A  -0.9267   0.4979  -0.4196  -2.7328  -3.0586   1.3636   -1.024  -2.3455    1.366   0.6042  -0.0481   1.2576   0.6811  -0.1021  -2.9858   0.7398  -1.0167    1.147  -2.3384  -0.1643
 4 A   -0.571  -1.1661  -2.7725  -3.0193  -0.3537  -1.6513  -1.5735   0.1944  -0.8381  -0.3185   0.0623  -0.3793   2.3627   0.5084   1.5379   0.8062  -0.7679  -0.8157   1.0825  -0.5439
 5 A   0.9748  -2.7058   0.5936  -0.9474  -0.3226  -0.7252   -2.696  -0.6336  -2.8112   0.2018   1.4279   0.0331  -0.5781  -2.3849  -3.0326   0.2022  -2.3128  -3.0312   0.1525   0.4961
 6 A  -0.0515   0.7341  -0.0175  -0.8673  -2.8974   -1.492  -0.6081  -0.7812   0.2309  -1.0487   0.7745  -0.2961  -1.2631  -1.3524  -1.2775   1.8842  -0.4757   -0.053   0.3645   -0.592
 7 A   0.3671   0.6606   1.1634  -0.2316  -3.0025   -1.475  -1.7743  -0.5996  -2.6264  -1.3882  -1.1435   0.7589   0.2038  -3.1388    1.963   0.2572   0.8346  -3.4175  -1.8085  -0.1273
 8 A  -0.5688   0.2246   0.2569  -1.9859  -1.5346   0.2913  -0.2591   0.1108  -2.7116   0.0184   0.3404   0.3074   -0.705   0.6716   0.3103   0.7506   0.2466  -3.0788  -2.5122   0.0315
 9 A    0.458  -1.4415  -1.2969   0.1614  -2.8315   0.8477  -1.3918   0.0257  -1.5275   0.6921   0.0939   0.1848  -2.1529  -0.1082  -2.9179   1.4025  -0.9564  -3.1413  -1.6413   0.5427
