            A        R        N        D        C        Q        E        G        H        I        L        K        M        F        P        S        T        W        Y        V
 1 A  -2.0811  -2.7689  -3.0014  -0.9264   0.1083  -1.7076  -2.0606  -3.3166  -2.5522    0.292   1.2829   0.1044  -1.7343   2.0969   -1.301  -0.3149  -1.8348   2.3907   1.5581  -0.6892
 2 A  -1.0078  -1.3402   0.8394  -2.5525  -1.4077    0.706   -0.322  -1.7707   0.9431   1.0466  -0.0668  -0.4054  -0.1667   1.0002  -2.9378   0.8566   0.3646  -2.7741    -0.41   0.0989
 3 A  -0.3469   1.1267  -2.4234  -1.8493   0.3805   0.8887   0.6344  -0.3768   0.3461  -0.4523   0.2992   1.4351  -1.2152  -0.6721   0.5913  -0.3713  -2.3658   0.0483  -1.5198  -1.3018
 4 A   1.1523  -1.0586  -0.8993  -2.8544  -2.6032  -2.4478  -2.6154  -0.8519  -1.4029   0.1694  -0.6443  -0.8605   2.0265   1.3174  -2.8458    1.262   0.2578  -2.6707  -0.1054    0.191
 5 A   -0.309  -2.6088   0.8352  -2.6178   0.4143  -0.5846  -0.7879  -0.3624   0.9345   0.2741   0.6862  -0.8588  -0.5525  -1.2184  -0.4336   0.9329   0.1091  -2.9326   0.0699   0.5838
 6 A  -0.5602   0.3884   0.9705  -0.4459  -1.4546  -0.7972  -0.2401  -0.8223   -2.271  -2.1908  -2.9137   1.1515  -0.3212  -2.7623   1.1907   1.7876  -0.0063    0.059   0.7823  -0.7537
 7 A   0.4962    0.312  -0.3119  -0.5284  -2.7829  -2.3003  -0.5236   0.4329  -2.6728  -1.1855   0.5392  -1.0344    -1.22  -2.7577    1.737   1.0821   0.1091  -3.1923  -1.0388  -0.2158
 8 A  -0.4998   0.1063  -0.5885  -0.3534  -1.4407   0.0154  -0.7186  -1.4537  -2.5401   0.0519   0.2902   1.3545  -0.1743   1.2408   -0.438  -0.3914  -0.6748   -2.713   0.1302   0.4152
 9 A  -0.4486  -0.3012  -1.2861   -0.838  -2.6543    0.542  -1.3943  -0.9356  -1.4837   0.9299   0.7253  -0.6095   0.4375  -1.7207  -2.9413   0.6038   0.4852   -0.798  -2.6102   1.2841
