            A        R        N        D        C        Q        E        G        H        I        L        K        M        F        P        S        T        W        Y        V
 1 A  -2.5313  -2.1094  -1.0503  -3.2606  -2.8304  -1.1595  -2.1705  -0.6428   0.0064   1.1304    0.347  -1.3031   0.6239   2.1328  -1.3327  -1.5926  -1.0164  -2.3693   1.0041   1.2558
 2 A  -2.3902  -0.2765   1.5108  -2.4374  -1.4856   0.9437  -0.3284   -0.733   0.9213   0.6859   0.1012   0.0495  -0.6227   0.4354  -1.8585   0.5832  -0.0872  -0.7853  -0.4839  -0.1971
 3 A  -0.4131  -0.2235  -1.1549  -2.5065   0.3757     0.57  -0.2923  -0.3617  -0.7404  -0.4465  -0.1688   1.1705   0.9114  -1.3984  -2.7326   2.0667  -1.1165  -3.1181  -1.6188  -0.3685
 4 A    0.655  -2.8233  -2.7911  -1.2168   -2.719  -1.0777  -1.9923  -1.1729  -2.6743   0.3404   1.0303   -1.568   1.2378   0.3777  -0.4813   0.9588  -0.4518   2.2089   0.9459  -0.5352
 5 A    0.268   0.9283  -1.2834  -2.7655  -2.9141   0.5582  -0.5187  -0.9485  -0.2891   0.4685   0.4895   1.1722   -0.597  -0.8853  -0.7861  -0.5777   0.0462  -2.8126   0.7726  -0.3056
 6 A    0.867   0.6233  -0.5958  -1.9652  -2.7255  -2.3023  -1.3868  -0.8756  -0.7852  -2.1487   -0.007  -0.3958  -1.2458  -0.6885   1.3308   1.5361   -0.857   0.5374  -1.5669   0.8945
 7 A  -0.5167  -1.8979   1.5148   0.1666  -2.9932  -0.0299     0.13   0.2102    1.207  -0.6026   0.6648  -2.4069  -2.2107  -0.6816   1.2356   0.1882   -0.465  -3.1477  -1.5531  -0.5321
 8 A  -2.4583   -1.282   0.4871    0.942  -1.5102   1.0488  -1.6194  -2.9529  -2.5628  -0.1584   0.5782   0.8921  -2.1363   0.9463   1.5598   0.1682  -0.1051  -3.0103  -1.4594  -1.0452
 9 A   0.0638  -0.7897  -0.3226  -1.8831  -2.6338  -2.3214  -0.3711   0.1234  -2.7395    0.316   0.1178  -2.3985   1.3373  -2.6722  -1.7651   1.9732   1.0225  -3.1616  -2.7943   0.2415
