            A        R        N        D        C        Q        E        G        H        I        L        K        M        F        P        S        T        W        Y        V
 1 A   1.3322  -1.0038  -1.1247  -1.2136  -0.3219  -0.7203   -0.788  -0.5515  -1.2054    0.583  -0.0903   -0.745  -0.0548  -0.7427  -0.7842     0.02  -0.0673  -1.2828  -0.7769   1.2642
 2 A  -0.3615  -0.8269  -0.6724  -1.0637   -0.585  -0.6632  -0.8862  -1.2223  -1.1501   0.2823   1.1894  -0.7429   0.4424  -0.2904  -0.9285   0.0089   1.5273  -1.0286   -0.703    0.167
 3 A  -0.4102  -1.0397  -0.9782  -0.8293  -1.3079  -0.7445  -0.6055  -1.0601  -1.0397  -1.4267    -1.48  -0.5185  -1.3079  -1.8939   3.6902  -0.4053  -0.5231  -2.3505  -1.3393  -1.2642
 4 A  -1.0131  -1.1744  -1.6427  -1.8575  -1.0995  -1.1433  -1.3606  -1.5487  -1.0679   0.0708    1.151  -1.3016   0.3455   0.2661  -1.8677  -1.3069  -0.8911    4.292   0.4713  -0.2354
 5 A  -0.7918  -0.6163   1.9353  -0.1643  -1.0171  -0.4751  -0.6624  -0.8034  -0.3505  -0.0086   1.0802  -0.5791   0.2536  -0.3993  -1.2096  -0.3069  -0.3294   -1.193  -0.7806  -0.2735
 6 A    1.232  -0.9398  -1.2057  -1.2948  -0.4321  -0.7306  -0.8598  -0.5999  -1.0909   0.1932   1.1715  -0.7614   0.3958  -0.3295  -0.8578  -0.0893  -0.3207  -1.0852  -0.7139   0.1479
 7 A  -0.9452    1.856  -0.7208  -1.2015  -1.4708  -0.2334  -0.6276  -1.3726  -0.3999  -0.6781  -0.3297   0.2345  -0.3184   2.1458  -1.4071  -0.7322  -0.7869  -0.2244   0.7021  -0.7921
 8 A  -0.4102  -1.0397  -0.9782  -0.8293  -1.3079  -0.7445  -0.6055  -1.0601  -1.0397  -1.4267    -1.48  -0.5185  -1.3079  -1.8939   3.6902  -0.4053  -0.5231  -2.3505  -1.3393  -1.2642
 9 A  -0.2101  -0.9476  -0.6329  -1.0339  -0.9229  -0.5614  -1.0366   1.8866  -0.8415  -0.2176   0.1565  -0.7614   1.8974  -0.5742  -1.1847  -0.4119  -0.5738  -0.9848  -0.9034  -0.3517
