            A        R        N        D        C        Q        E        G        H        I        L        K        M        F        P        S        T        W        Y        V
 1 A   0.3804  -0.0739  -0.8493  -1.1572  -1.5352    0.727   -0.081  -1.3085   2.1961   0.5156  -1.0874   0.2783   0.2335  -1.2656  -1.4145    1.038  -0.7637   2.0709  -0.6796  -0.8416
 2 A   0.8416   0.3464  -0.7968    1.304  -1.4446    0.687   0.0243  -0.3979  -1.1788  -0.4198   0.2709  -0.1281  -0.8054  -1.4816  -1.3524   0.5967  -0.7858  -1.8524  -1.4809  -0.4101
 3 A   1.3317  -0.1279  -1.2263  -1.0253  -1.4211  -0.5819   1.1818   -0.416  -1.0299   0.7785  -1.0411   0.6062  -0.9417  -1.1406   0.0603  -0.6227  -0.9106  -1.4498   0.7192  -0.6076
 4 A   0.2438   1.9352   1.2285   -0.978   -1.918   0.3597  -0.6149  -1.2946   1.9518  -1.8005  -1.5959   1.0659  -1.2292   0.2948  -1.4503  -0.6886  -1.0152  -1.5638  -0.7325  -1.6134
 5 A   1.0015    -1.03   -1.441  -0.4549   1.2578  -1.0041  -1.1198  -1.4083   -1.517   0.4607   0.6529   0.7703   0.9772  -1.2174   1.1905  -0.8214  -0.9324  -1.8351  -1.4089  -0.5305
 6 A   0.1747  -1.1393  -0.9672  -1.2881   -1.342   1.0252  -0.8912  -1.3152  -0.8532   0.6026  -0.9718  -0.9471  -0.8103    0.115  -1.3944   1.5674   0.4627   1.2813   1.6077  -0.2058
 7 A   1.0558  -0.8763   0.4891  -0.2331  -1.3739  -0.8032  -0.8972     0.84   1.0457  -0.9061  -0.7389   0.8179  -1.0275  -1.5864  -1.3355  -0.0326  -0.1249   -1.827  -1.2781   0.5085
 8 A   0.0674   0.6618  -1.1673   0.2865  -1.3308  -0.8143   0.6202  -1.6541  -1.3043   0.1441  -0.0394  -0.8546  -0.6232  -1.1104  -1.5158  -0.2418   0.3527  -1.6047   0.0375   1.4711
 9 A   0.1228   0.7011  -0.8268   0.3755  -1.5233  -0.6672   0.6792   0.0936   -0.969  -0.5822  -0.0297  -0.7049  -0.9358  -1.0472  -1.3921   1.2457  -0.0643   1.2133   0.7474  -1.0947
