            A        R        N        D        C        Q        E        G        H        I        L        K        M        F        P        S        T        W        Y        V
 1 A   0.3986   0.5675  -0.9595  -1.0508  -1.5823  -0.4359   0.3947  -1.2978  -1.1226  -1.4054  -0.7548   1.5191   0.8079  -1.7544   1.8553    0.612  -0.0981  -1.9327  -1.4816  -1.2545
 2 A   0.0823   1.3664  -0.6694  -0.1327  -1.6913    0.831   0.4709  -1.3137    1.942  -0.7317  -1.5027   0.4819  -1.1264  -1.4393  -1.3317   1.0588  -0.7544  -1.5554   0.1841  -0.6542
 3 A   0.8246   0.5186  -0.9498   0.3174   0.4213   0.2355  -0.0264  -0.4237  -1.1957  -1.2833   -0.057   1.3311   -0.969  -1.6834   0.7551  -0.5784   0.2938  -1.8941  -1.5139  -1.1401
 4 A  -0.4265  -1.6447  -1.5702  -1.8497  -1.2292  -1.4374   -1.645  -1.9116  -1.3897   1.6466   0.4398  -1.4999  -0.3186  -0.5115  -1.6818  -0.9457   1.3981   1.2527    1.246   0.7688
 5 A   0.1003   0.5541  -0.8647  -1.2155  -1.5064   1.1498  -0.6076  -1.3733   1.5579  -0.3237  -0.5272   1.1577   0.8976  -1.4368  -1.3579   0.8184  -0.7271  -1.7079  -1.0259   0.2856
 6 A   1.6152  -0.8134  -1.2362  -1.4435  -1.1945  -0.8097  -0.9454  -1.0946   0.2698  -0.7545   0.0731   1.0548  -0.7686  -1.3616   0.0772  -0.0083  -0.0967   1.1582  -1.1461   0.3562
 7 A   1.2204   -1.382  -1.2856   -1.255    1.267    -0.95    0.573  -1.2264  -1.2153   0.0848  -0.8916  -1.1191   0.2557   0.8851  -1.4155   0.8488  -0.7213   1.2251   0.2898   0.1147
 8 A  -0.4459   0.3517  -0.0022   1.0168  -1.6105  -0.7804  -0.7882  -0.5584   1.5648  -0.2622   -0.153   0.2185   0.8909  -0.9696  -1.5401  -0.2599    -0.21  -1.3815   0.8022   0.2899
 9 A   1.7683  -0.2693  -0.9182   -0.228  -1.1525  -0.7883  -0.1525  -0.1866   0.3565   -1.273  -1.3502  -0.8341   0.1345  -1.4175   0.1194   1.3442  -0.5503  -1.6398   0.0435  -0.4522
