            A        R        N        D        C        Q        E        G        H        I        L        K        M        F        P        S        T        W        Y        V
 1 A   0.8694   1.4186  -0.8278  -1.1037  -0.7744  -0.2811  -0.6085  -0.8088  -0.7905   0.8313  -0.1739   0.0574  -0.1602  -0.8176  -0.9315   -0.202  -0.3528  -1.2461  -0.8471   0.2798
 2 A  -0.5427   0.5559  -0.5305  -0.7788  -1.2236   0.2158  -0.0584  -1.1001  -0.6555  -0.3145   0.7004   1.8701   0.0473  -0.7749  -0.8101  -0.4377  -0.4963  -1.2127  -0.8112  -0.4933
 3 A   0.9942  -0.8137  -0.6051  -0.7788  -0.6502  -0.5215  -0.5372  -0.5481  -0.9669  -0.7947  -0.9427  -0.4639  -0.7155  -1.3332   2.2796   0.3174   1.2275   -1.545  -1.0506  -0.4152
 4 A  -0.0527  -0.6019   1.6064  -0.1695  -0.7713   -0.347  -0.4295  -0.5637  -0.4618   0.0312  -0.6006  -0.4324   -0.415   -0.975  -0.8738   1.0274   0.1843   -1.416   -0.892   0.7301
 5 A   -0.504  -0.7258   1.5636  -0.2848  -0.8591  -0.5079  -0.6617  -0.8375  -0.5844   0.8664  -0.2238  -0.5582  -0.2043  -0.7715  -0.9612   0.0755   1.2395  -1.3152   -0.884   0.2703
 6 A   1.7379  -0.6681   -0.415  -0.6375  -0.3618  -0.3298  -0.3368  -0.0507  -0.7332  -0.8698  -0.9427  -0.3386  -0.6215  -1.1939  -0.4496   1.2734   0.1922   -1.342  -0.9273  -0.3435
 7 A  -0.3801  -0.6457  -0.8647  -0.3953  -0.8692   0.0405   1.2031  -1.3949  -0.6952   0.4364   0.2365  -0.3941   1.6518  -0.5451  -1.0591  -0.5179  -0.3321  -1.0941  -0.7037   0.9255
 8 A  -0.9085  -0.8549   0.5601   2.9613  -1.7935   -0.242   0.7027  -0.7238  -0.5321  -1.6586  -1.8786  -0.4291  -1.4832  -1.7139  -0.8566  -0.1835  -0.5833  -1.8695  -1.5712  -1.6435
 9 A  -0.4289  -0.0818  -0.9595  -1.1773   -0.826  -0.2994  -0.5598   -1.372  -1.0566   0.5359   0.9312   1.0299     0.31  -0.4696  -1.0615  -0.6839  -0.3773  -1.1882  -0.7299   0.9431
