            A        R        N        D        C        Q        E        G        H        I        L        K        M        F        P        S        T        W        Y        V
 1 A  -0.2386  -0.2444   -0.676  -0.3499  -0.0799   0.3713  -0.4764  -1.4326   0.1042   0.3215   0.2365   0.3527   0.3182   0.1035  -0.7085   0.1124  -0.1488   0.8077   1.1257   0.1257
 2 A  -0.5313  -0.3724  -0.9303  -0.6168  -1.2533  -0.2793  -0.6522  -1.3254   -0.508   0.7719   0.8992  -0.6598    1.025   1.1541  -1.6466  -1.0996  -0.6356  -0.0165    0.732   0.4302
 3 A  -0.2103  -0.4917   0.0159  -0.3016  -0.5766   0.3405  -0.6628  -0.9562   -1.121    0.432   1.0871  -0.2527    0.212  -0.0416  -1.4074   0.1518   0.1694  -1.3473  -0.3922   0.0494
 4 A  -0.1408  -0.1493    0.374  -0.6933  -1.2981   0.3623    0.132  -0.4918  -0.9933   0.6376  -0.2595   0.2359   0.9548  -1.0512  -0.1443   0.3323   -0.152    1.569  -0.9864   0.1311
 5 A   0.5504  -0.2078   0.7247   0.4722  -1.3065  -0.4355   0.5276   0.5932   0.0404  -1.3466  -1.2447   0.0882  -0.4237  -0.8376  -0.3857   1.0097   0.4022  -1.6411  -1.1859  -0.8513
 6 A  -0.6281   0.3469  -0.6562  -0.7996  -1.3483  -0.3726  -0.5091  -0.6689  -0.0102   0.0616   0.3696  -0.0642   0.0387   1.0391  -0.1331   -0.627   0.2422  -0.8677   1.0881   0.3874
 7 A  -0.1228      0.8    0.464   0.1516  -1.4893   0.1166  -0.1886  -0.0801   0.2961  -1.0888  -1.2326   0.7333  -1.0841  -1.5821   1.5431   0.6576  -0.1007  -1.7199   -0.726  -0.4918
 8 A  -0.1475  -0.0659  -0.0577   0.1059  -0.2112  -0.3818  -0.4536  -0.3342  -1.1329     0.17   0.5627  -0.1336   0.3762  -0.3155  -0.5904    0.192   0.4702  -1.4391  -0.5212   0.3013
 9 A  -0.0678  -0.1328  -0.6787  -0.5023  -1.1849  -0.4306  -0.4503  -0.7485   -0.309   0.5505   1.0167  -0.3578   0.5906  -0.0512  -1.4772  -0.2986  -0.1389   0.7363  -0.2367   0.3234
