            A        R        N        D        C        Q        E        G        H        I        L        K        M        F        P        S        T        W        Y        V
 1 A  -0.1619   0.5565   0.5389  -0.4957   0.3286   0.1784  -0.2309  -0.5703  -0.1295  -0.0492  -0.1511   0.0602  -0.1262  -0.6204  -0.8352    0.375  -0.2437   2.2466   0.4684  -0.5294
 2 A  -0.6321   0.0648   0.1595   0.4931  -0.7696   0.0297  -0.2821  -0.8962    0.988  -0.0767  -0.0944   0.0819   0.1714   1.0101  -0.6383   -0.264   0.0168  -0.9501   0.9716  -0.5036
 3 A  -0.3351  -1.4243  -1.6487  -1.7999  -1.1133  -0.8496  -1.0754  -1.8144  -1.3904   0.9026   1.2027  -0.9795   0.3759   1.3782  -1.6895  -0.6884  -0.3624  -0.9888   0.2824   0.8714
 4 A  -0.3309  -0.2652   0.0268  -0.2375  -1.2972   0.0409  -0.4235  -1.1723  -0.0847   0.7028   0.2929   0.5078   0.6917  -0.5567  -0.1112  -0.0049  -0.4995   0.6909  -0.4518   0.5019
 5 A   0.7741  -0.3169  -0.3178  -0.4632   0.1885   0.6131   0.1892   0.5731   -0.982  -0.9092  -0.6865  -0.0959   0.2146  -0.9228  -0.0535   0.8056   0.3899  -0.3672  -0.7731  -0.4771
 6 A  -0.0364   0.1941   0.0475   -0.148  -0.3324  -0.0704  -0.0757  -0.5635  -0.1254   0.1742   0.2205   0.0075   0.0657  -0.3112  -0.9055   0.4796   0.0322  -1.3883  -0.0765   0.3581
 7 A  -0.2908   0.5986   0.4708  -0.2941  -1.3842   0.1528  -0.4573  -0.9759   0.4893   0.0759   0.1703   0.2084  -0.2953  -0.3516     0.54   0.2212  -0.2132  -1.3841   0.1085   0.1255
 8 A   0.2953  -0.2607   0.7471    0.054   0.4367  -0.0565    0.156   0.3835  -0.2421  -0.7855  -0.8992  -0.0779   -0.623  -1.0523   0.9685   0.7691   0.3249  -1.5918  -0.3163  -1.0515
 9 A  -0.3844  -0.0868  -0.5583  -0.1575  -1.2303  -0.2672   0.0684  -1.2289   -0.276   0.5629   1.0535  -0.1488   0.2121  -0.4428  -1.0102  -0.2687  -0.2279  -1.4267  -0.4781   0.5521
