            A        R        N        D        C        Q        E        G        H        I        L        K        M        F        P        S        T        W        Y        V
 1 A  -0.4252   0.2754   0.3312  -0.1755  -0.5475   0.5612  -0.1536  -0.4623   0.4481  -0.4945  -0.4666   0.4654    -0.21   -0.425  -0.3911   0.4568  -0.3801   2.5048   0.4076  -0.4744
 2 A    -0.66  -0.8958  -1.4661  -1.2144   -0.559  -0.8185  -1.1062  -1.4472  -0.0902   0.7016   1.0305  -0.7833   1.1593   1.3564  -0.7352  -0.7684  -0.3305  -0.8594   0.8083   0.2935
 3 A  -0.4645   -0.735  -0.8225  -0.9464  -1.1231  -0.5523  -1.0247  -0.8244  -1.3666   1.0496   0.9773  -0.8698   0.5127   0.6918  -1.5896  -0.1629  -0.2621  -1.2303  -0.2249   0.8362
 4 A  -0.4801   0.3728  -0.0139  -0.5286  -1.2879   0.0324  -0.4468  -0.6416   0.3175   0.4538   0.2622   0.1161     0.98  -0.7372   -0.087   0.5291   0.0365   0.1923  -0.9666   0.1038
 5 A   0.4124   0.2871   0.8244   0.6925  -1.3211   -0.209  -0.1059  -0.1806  -0.2679  -1.1233  -0.9978   0.6296  -0.4858  -1.0055  -0.5092   1.1862   0.4198  -1.6894  -1.2287  -0.8749
 6 A   0.1895  -0.0308  -0.8322  -0.5489   0.4182   0.2031   0.3844  -0.9072  -0.4399   0.5004   0.3186  -0.0503   0.1473  -0.2319   0.2027  -0.2108  -0.1537  -1.4111  -0.2267   0.2244
 7 A  -0.2851   0.7029   0.1724     0.54  -1.5528    0.381   -0.089  -0.9301   0.5364  -0.6023  -0.0236   0.8343  -0.7451   -1.264   1.1542  -0.3309  -0.3671  -0.1279   -0.426   -0.336
 8 A   0.0632   0.0906   0.7309  -0.6004  -1.3547  -0.6976   -0.332  -0.1485   0.7479  -0.3398   0.0274  -0.3028   0.1266   0.0524   0.7437   0.2176   0.2958  -0.1254   0.1791  -0.4638
 9 A  -0.0134  -0.0396  -0.3432  -0.6608   -0.589  -0.1495   -0.331  -0.5479  -1.2277   0.3093   0.9647   0.0852    0.431   0.0549   -0.346  -0.4644  -0.0355  -1.4333  -0.9412   0.2988
