            A        R        N        D        C        Q        E        G        H        I        L        K        M        F        P        S        T        W        Y        V
 1 A  -0.7769  -0.5734  -0.6944  -1.6158  -0.6138  -0.8225  -1.0886  -0.9533  -1.2058   0.5314   1.0779  -0.3251   0.5977   1.5935  -1.6759  -0.4301  -0.4582  -0.9154   0.3618    0.352
 2 A  -0.4776  -0.3133   0.0416  -0.7345   0.3259   0.1533  -0.8014  -1.1187  -0.5403   0.6001   1.0451   -0.008   0.7897  -0.1031  -1.5029  -0.5333  -0.0129  -1.3384   -0.266   0.2487
 3 A  -0.2865    0.919  -0.1628  -0.6854  -1.4645   0.2266   0.3859  -0.9944  -0.1759   0.0131  -0.2714   0.3712   0.0607  -0.5406  -0.5696   0.2127  -0.2326   2.1631   0.2673  -0.0369
 4 A   0.7923  -0.4723  -0.2161   0.3764  -0.2795   -0.257  -0.3685  -0.0526  -0.3658  -0.4659  -0.2638  -0.0055   1.1439  -0.3378  -1.1769     0.72   0.3689  -1.3794  -0.1222  -0.5521
 5 A  -0.2856   0.0487  -0.6942  -1.0883  -1.2049  -0.3986  -0.3325  -1.6479  -0.4263   0.7975   0.8474  -0.2152   0.2026   0.1466  -0.9984  -0.4595   -0.176  -1.1251   0.6568   0.7201
 6 A   0.3908  -0.1655   0.6771    0.278   -1.298  -0.0216  -0.2676   0.1597   0.4529  -0.9455  -0.9962   0.4365  -0.3951  -1.1202    0.047   0.9477   0.7653  -0.3504  -1.1248   -0.649
 7 A    0.039  -0.5781   0.0515  -0.4216   0.0554   -0.444   0.1606   0.4732  -1.1063  -0.1154   0.1072   -0.239  -0.0829  -0.5089   0.9687   0.3985   0.2563  -1.5629  -0.6968  -0.1823
 8 A  -0.2872   0.0948  -0.5803   0.4218  -1.3953   0.0674   0.0454  -0.3508  -0.5983   0.0392   0.4628   0.3051   -0.096  -0.2824   0.9798  -0.3992  -0.2956   -1.515  -0.5467   0.0805
 9 A  -0.1367   0.5361  -0.6056  -0.7909  -0.6758  -0.2109  -0.2281  -1.0768  -0.4094   0.1555   0.6546  -0.1694   0.6023   0.7499  -1.4603   0.1777  -0.2615   0.6619   0.0169   0.0671
