            A        R        N        D        C        Q        E        G        H        I        L        K        M        F        P        S        T        W        Y        V
 1 A  -1.4132   -1.919   -0.569  -2.4407  -0.3254  -0.5207  -1.2674  -1.2049   0.5681   0.9956  -0.0231   0.3743   0.0787   1.4221  -1.7464   0.4996  -1.5846   1.8577   2.1332  -1.5934
 2 A   -1.907   -0.166   0.2684  -2.3649  -1.1811  -0.1885  -0.4196  -2.3906   1.2501   -0.592   0.8352  -0.3102    0.244    0.961   -3.874   0.8284  -0.8033   0.0284   0.0723   0.9644
 3 A   0.1823   1.3829   -0.085  -3.5946  -3.6655  -0.4752  -0.8964  -1.8522  -1.2072    0.706   0.3507   0.7943  -2.8279  -0.3406     -1.7  -0.1076   0.2638  -3.8237  -0.8439   0.7534
 4 A  -1.1186  -0.6044  -3.4696  -0.1381  -3.7561  -0.4995   0.4831  -0.3152  -1.2075  -1.3478    0.743  -0.7303   2.3143   1.3655   0.0009   0.5035  -3.2021   1.1306  -0.7558  -0.2619
 5 A   0.6093  -0.8372   0.8947  -1.0781  -1.6503   0.3848  -1.8937  -0.5269  -0.5747  -1.7877   1.0639   0.4995    0.601  -0.7056   0.5601  -0.1839  -0.8153   0.5667   0.6534  -1.2165
 6 A   0.3542  -1.6443   1.3415  -1.8561  -0.3005  -0.3266  -0.2063  -0.0077    -3.38   0.2254  -2.7277  -3.1543  -2.1862  -1.9181   0.4928   1.7617   1.2762  -4.0342  -1.1598   0.1991
 7 A   0.5808   0.2941  -0.0897  -2.8683  -3.5993   0.0623  -1.9312  -2.3191  -0.3732  -0.1509   0.6717  -1.4641   0.0782   -3.422   1.9592   0.6227   0.0484  -1.7462  -0.4527    0.441
 8 A  -1.3856  -1.8253   0.7961  -1.4534  -3.7258  -0.3271  -2.2242  -1.6484   0.6628  -0.1004   0.7256    0.973   0.2308   0.4567  -0.5203  -0.0941   1.5951   -0.862   0.4889  -1.1772
 9 A   1.3218  -0.0803  -0.5312  -2.8026    1.021  -0.8951  -1.9162   0.3115  -1.2269  -1.0222  -0.0668    -0.59   0.0515  -3.7001   0.2304   1.5747   0.2148  -0.9237   -3.654  -0.2707
