            A        R        N        D        C        Q        E        G        H        I        L        K        M        F        P        S        T        W        Y        V
 1 A  -3.3969   0.4347   0.4147  -1.0797  -1.2205   0.7956   0.1819  -2.7777  -3.0172   0.6434   0.2055   0.0951  -0.0921   0.9379  -0.9072  -0.2165  -1.1645   1.1493   2.2427  -1.6386
 2 A  -1.3609    0.241    0.796  -3.4419   0.2215  -0.3245   -0.634  -0.5364   1.1819  -1.0991   0.2344   0.1581   0.0703   1.1689  -3.8028   1.0633  -0.6612  -3.6105  -0.3732   0.4648
 3 A  -1.1317   0.5501  -0.8794  -1.7563  -2.3394   0.7162  -0.7684  -2.4289  -0.5968   0.2346   0.9099   0.3948  -0.9975   1.2935  -3.8942  -0.8378   0.2526  -0.3453  -0.2073   0.7528
 4 A  -0.1757  -0.8969  -3.6738  -0.4545  -0.8253  -0.7149   -0.439  -4.0094   0.6494   0.2885   1.4617  -1.3535   1.9013   1.1036  -0.3885  -0.4107  -2.1975   0.7849  -0.3622  -0.8788
 5 A  -0.2074  -0.3075   -0.676  -2.3358  -0.8451   1.2272  -2.1289   0.1418  -3.2611  -0.7077   0.2875   1.4506   0.0577  -2.6138   0.4032    1.031  -2.5112     1.64   0.8823  -1.1182
 6 A   0.7391   0.0883   1.5834  -0.8568   -1.156  -1.4104  -1.1927  -0.4903  -0.8511   0.0552  -1.6094  -1.6402  -2.1713  -1.9307  -2.0515   1.6982    1.437  -4.0667  -3.6135  -0.1371
 7 A  -0.2251  -1.4442   0.2605  -0.4256  -3.6456   0.0543  -0.5304  -3.1723  -0.6056   0.5922   1.1011  -3.3539   1.3603  -0.4386   1.6343   0.3477   -0.958  -3.8408  -0.6225  -0.2236
 8 A  -0.3376  -0.9664   0.8609   -0.603    0.064   0.4908  -0.0995  -0.3555  -0.1574  -0.6205   -0.832   0.7015  -3.2141  -0.0621   0.4085   0.9747   1.3655  -1.7493  -3.4047  -0.6011
 9 A   1.4297  -2.2809  -0.1748  -0.6432   -1.579  -3.2031  -1.2244   -0.677  -1.2342  -0.7321   0.4941  -0.4054  -2.0251  -1.8623  -0.0899   1.5234   0.1452  -4.0181   -2.504   0.6735
