            A        R        N        D        C        Q        E        G        H        I        L        K        M        F        P        S        T        W        Y        V
 1 A  -1.7943  -0.8227   0.2613  -0.3249  -1.6904   1.2186  -0.7437  -2.7883  -3.2239   0.8379   0.8119   1.0108   0.3756    1.146   0.1081   -3.348  -2.2225  -0.3249   1.3847  -1.9843
 2 A  -1.8575   0.9835   0.5052  -3.2798  -0.3223  -2.2018      0.6   -0.295    1.448  -0.3441  -0.1954   -0.457   0.7905   0.6259   -2.708   1.5385  -0.6508  -3.7415  -1.3488   -0.511
 3 A   -0.799   0.7552  -0.4253  -1.1063  -0.8402  -0.6837  -0.6443  -2.7564   0.4388   0.5003  -0.4274   0.2801  -2.0095   1.2971  -3.8793  -0.5878   0.4463   1.2826   1.0507   0.7797
 4 A  -0.4586  -2.8838  -0.5913  -0.2586  -2.3059   -1.954  -3.6288  -0.8553   -0.185   0.1459   1.4024   -0.911   2.1833   1.3384   -0.124   -2.024  -0.9951  -1.6383  -0.3665   0.0876
 5 A   0.6906   -0.943  -0.8302  -0.1283  -2.3488   1.1169  -2.4779  -0.5197  -1.1676  -2.3682   0.3542   1.3098  -0.3028  -2.1646   0.8417    0.627  -1.3085   0.0151   0.8789  -0.2235
 6 A    0.703   0.0816   0.8034  -1.8958  -3.5777  -3.0693  -0.0419  -0.5021   -3.349     0.95  -1.0416  -1.9059  -0.7989  -2.6961   -1.084   1.8822   0.7952   1.1199   0.0127  -1.6087
 7 A  -0.9932  -0.4772   0.9884  -1.6921  -2.3413    0.064  -0.5274  -0.8302  -3.4613   0.1634   0.5426     -0.4   1.4159  -0.2232   1.4817   0.0996    -1.54    0.006  -0.8426    0.563
 8 A  -1.2179   0.3089    0.684  -2.2964   0.0666   0.4788  -1.0402  -1.3102  -1.1983  -0.1096  -0.0985   0.0301   -1.498   0.4336   0.9002   0.3757   1.6514  -3.8299  -1.0896  -0.0698
 9 A   1.0979  -0.7254   0.6334  -0.1137  -1.5971  -1.8185  -2.1927  -0.9873  -0.6008  -1.0156   0.3881  -1.2788  -1.1015  -3.6614   0.5713   1.6022   1.2392  -4.0844  -3.6397  -0.5731
