            A        R        N        D        C        Q        E        G        H        I        L        K        M        F        P        S        T        W        Y        V
 1 A  -2.5291  -3.3975   -1.307  -2.1026  -1.6782   0.1605  -1.4768  -1.7157  -1.5551   0.9443   0.6068   0.6722  -2.7514   1.5885  -0.7213  -0.3255  -1.8828   1.6615   2.3313  -0.5269
 2 A  -2.0866  -0.8312   1.1387  -2.6533  -1.1982  -0.1663   0.1164   0.1935   1.5073  -0.3258  -0.4048   0.3415   0.4694   0.4389  -2.7204   1.2305  -1.5135   -0.366  -0.7942   0.4613
 3 A   0.4116   0.5055  -3.3829  -2.0118  -1.6388   1.4663  -0.4914  -3.7825  -0.5843   0.4911   0.5956   0.6133  -0.4755   0.3096  -2.6961  -0.3539   1.0371  -3.6577   0.0405  -0.6172
 4 A  -0.3093  -1.9881  -1.5542  -0.2419  -0.8268  -0.3534   0.2942  -1.9048  -0.5969   0.0724   1.2641  -2.3965   2.3536   0.9748  -3.9771  -0.7307    -1.59   1.2807   0.5048  -0.5141
 5 A   0.5825   0.5558   -0.414  -1.4849  -0.3094  -1.4268  -3.2682  -0.0278   -1.643  -0.2411  -0.0096   0.9433  -0.1078  -2.1779   0.5634   0.4755  -0.1245   0.3105   0.3617   0.4314
 6 A   0.3005  -0.1761   1.3768  -1.0258  -3.6357  -2.3409  -1.4083  -0.4201  -3.3395   0.1609  -0.9836  -3.1417  -1.5713  -0.2497   1.4057   1.7585   0.8853  -3.9019  -0.2764  -1.0926
 7 A  -0.8775   0.1537   0.6733  -0.9135  -3.6916  -3.1705  -0.1374  -0.9373  -3.5478  -0.8287   1.2237  -0.8359   0.9014  -3.4262   1.9287   0.4098  -0.3203  -4.0409  -1.9198   0.1033
 8 A  -0.8594  -1.1485   0.5084  -0.3962   -0.836   0.4839  -1.1773  -0.7052   0.4427   0.0537  -0.6002   0.5557  -1.1192   0.2251  -0.0956   0.9711   1.5719  -3.6696   0.5713  -1.3546
 9 A    1.093  -1.0169  -0.2882  -0.7794    0.237  -0.1863  -1.2148  -1.0127   0.2949  -0.7383   0.3055  -0.3047   0.7994  -3.5191  -0.3583   0.9312   0.5244   0.7647  -3.4572   0.4798
