            A        R        N        D        C        Q        E        G        H        I        L        K        M        F        P        S        T        W        Y        V
 1 A  -0.2798   0.5447  -0.6838  -1.3137  -0.8836    1.648     0.47  -1.2294  -1.7893   0.7624  -0.7134   1.1017  -1.6326  -1.9079  -1.2181  -0.2512  -1.7652  -2.2449    1.205   0.4898
 2 A    0.628  -1.5418  -2.5631  -2.7849  -2.2886  -1.1933  -1.5743  -2.5847  -0.1612  -0.9511   0.4695   -2.372   1.6618   2.5418  -2.7273  -0.9527  -1.2877   1.2797   1.0643   0.2644
 3 A  -0.2662   0.9408  -0.6679  -2.2047  -2.4379   0.9625   -1.159   0.0631   0.3244   0.5425   -0.532   0.9947  -0.6733   -0.312  -2.3752    0.163  -0.3926  -2.2359    0.864   0.2347
 4 A   0.3844  -0.4779   0.4569  -1.2771  -2.3401  -0.9298   0.0169   1.0433  -2.0882  -1.9533   0.0896  -0.8429    0.866  -0.4085   0.8712   1.2492  -1.6485   1.1846  -2.0754  -0.5602
 5 A   1.5559  -1.4085  -1.2722  -2.2598  -0.7461  -1.0291  -1.3259  -1.0398   -2.285   -0.931   0.2263  -1.3274  -0.1095    0.159   1.9793   1.0956  -0.0598  -2.6279  -2.0429  -0.4392
 6 A  -0.4557   0.1568  -0.2776  -2.1306  -0.8603   0.5651  -1.7312  -2.3264   0.3202  -1.0362  -0.4613   0.9813  -1.7975  -0.7069   1.3429   0.3843   1.4874   1.2076   0.8675  -0.5236
 7 A   1.7091  -1.3837  -0.0288  -2.1556  -2.1016   -1.888  -1.9688  -0.4175  -2.2224  -1.4423  -0.8044  -1.2916    1.079  -1.4295    2.065   0.8208   0.8003   0.6355  -2.2189  -0.9944
 8 A  -1.9855  -0.8842   1.6573  -2.1443  -2.3076  -0.0919  -2.1582  -1.7741   0.2666   1.0275   1.4131     -1.4  -1.1893  -1.1275   0.6445  -0.5744  -0.3947  -2.6022  -2.0505   0.3404
 9 A  -0.4929  -0.6781   1.1885  -0.8429  -0.8315  -0.0045   -1.839  -1.1886   -0.825   0.6922   0.6225   1.1478  -1.4526  -0.7297  -2.3663  -0.4457    1.015  -2.5381  -1.0173   0.0055
