            A        R        N        D        C        Q        E        G        H        I        L        K        M        F        P        S        T        W        Y        V
 1 A  -1.9574  -1.8289  -1.3134  -1.5762  -2.5482   0.6772  -1.9276  -1.8311   0.2697  -1.2996  -0.1918   0.9632    2.478   1.5362  -0.2806   0.8489  -1.8713    0.672   1.6168  -1.0777
 2 A  -0.6034   2.4336  -0.1048  -2.4128  -2.5845  -1.6614  -2.0116  -2.5588  -1.9472  -0.7259  -0.2737  -0.6308   0.8188   1.5766  -2.6039   0.6371  -1.2443  -0.1811   0.1012  -0.1976
 3 A  -0.0036  -1.4572   -1.385  -1.5317  -2.3082  -1.0318   0.2814  -0.6667  -0.9201   0.1883   -0.573  -1.0084    2.554  -0.0482  -0.7166    0.242    0.231   1.8051   0.3328   0.7389
 4 A   1.9277  -0.9511  -2.1673  -2.3701  -0.1311   0.4316  -1.3488  -1.4906  -0.2829  -0.4609   0.0658  -1.9538  -0.1583   0.6587    0.112   0.9359   0.0793  -2.5243  -1.8945   -0.463
 5 A  -1.3926  -1.1947   1.4379  -1.9258  -2.4364   2.0088  -1.6472  -2.3451   0.2515  -0.7275  -0.8504   -0.514   0.2182   -0.489   0.3659  -0.1765   1.9989   -2.557  -0.4552   0.1238
 6 A    0.716  -2.2135  -1.3424  -2.2592   0.2702  -2.0217  -1.3898   0.3129  -2.4151   -0.427  -0.7968   0.0478  -2.1755  -2.7786   3.1951   0.6846  -1.1916  -3.1515   -2.615  -1.5725
 7 A   0.4063   -2.335   0.5229  -2.2864  -2.2404  -1.1532  -2.2118   0.0037  -0.9926   0.2654   1.4733  -2.1404  -1.3846  -2.0499   1.2435   1.3167  -0.4077  -2.7358  -2.3099  -1.5726
 8 A   0.2572   0.1555  -2.4521  -2.6239  -0.8443  -0.5612   -0.665  -1.8779  -0.3259   0.4115   1.5496  -1.0052  -0.4417  -0.6791   -1.381    0.199  -1.2101    -2.52  -1.0415   1.0159
 9 A   0.6103  -1.4108   0.6894  -2.2778  -2.1852  -1.9108  -2.1368  -1.6686  -0.2774   0.3118  -0.1469  -0.6556   2.6255  -2.0663   0.0854   0.6917   0.8439  -0.2886  -2.1614   0.3542
