            A        R        N        D        C        Q        E        G        H        I        L        K        M        F        P        S        T        W        Y        V
 1 A  -1.0096   1.9994   0.7642  -2.1048  -2.5641  -0.8444  -1.8292  -1.6644   0.6289  -1.0938  -1.7272  -0.3615  -0.8478   0.1481   0.6147   1.3473  -1.6735   1.1559   0.6208   0.3442
 2 A  -0.3518   0.0993   0.8753  -2.0914  -2.4742   0.9204  -0.2093  -1.7326  -1.8671    0.122  -0.4517   0.7159   2.4309    0.192   0.1109  -0.5338  -0.4406  -2.2643   0.6019  -0.6777
 3 A   1.3656  -2.4501  -2.5411  -2.7273   0.3416  -1.2248  -1.5706  -2.3928  -2.1617  -1.0439   0.6132  -1.6028   -0.579   2.1272  -2.5662  -0.5508  -0.1948   0.7073   1.1261   0.3479
 4 A  -0.1402   0.7204   0.5744  -2.2266  -2.2952    0.487  -1.9832  -0.6088  -0.9099   1.0092  -0.0839   -0.268  -0.0939  -2.1534  -2.4155  -1.0871   1.7945   1.1314  -2.1382   0.1437
 5 A  -0.2235  -0.9238  -0.0228  -1.3043  -2.4842  -1.8667   -0.252   0.9045  -0.8892  -1.7885  -2.4975  -1.3006  -0.3221   0.0552   2.5937   1.5721  -0.6899   1.1212  -2.1025  -1.3074
 6 A    0.452     -2.3  -2.2046  -2.4168  -2.1679  -2.0818  -2.1628  -2.3393  -1.0012  -0.7954   1.4662  -1.4511   -0.541  -1.2558   2.1564   1.5555  -0.3551  -2.7323  -2.2107  -0.4309
 7 A  -1.9484   0.2897  -1.3621  -2.4872  -2.3992   0.7046  -1.9518  -1.8886  -0.9115  -0.6905    1.354   1.1056   0.0108   0.1978   0.6039   -0.623   0.0386  -2.4039  -0.3849   0.5585
 8 A   1.5137  -2.2381  -1.3066  -2.2736  -2.0788  -1.8793  -0.9102    -2.09  -2.2747   0.1317   -1.013  -1.9735   2.6486  -1.3468   1.6453    1.379  -0.3231  -2.6851  -2.2242  -0.5991
 9 A   0.0217    1.198   1.4648  -0.8269  -2.4101   0.7328  -1.1874  -0.8339  -0.8123   0.0991   0.3668  -0.1928  -1.6478  -2.3201  -1.2632   0.4744   0.4524  -2.7198  -2.2925  -0.1165
