            A        R        N        D        C        Q        E        G        H        I        L        K        M        F        P        S        T        W        Y        V
 1 A  -0.7946  -1.2165   -2.167  -1.0662  -2.4534  -0.9889  -2.0292   0.1203  -0.2425  -0.8719   0.5048    1.224   2.4818  -0.3252    0.065   0.2171  -1.2638   1.5051   0.5782  -0.3181
 2 A   0.1025   1.7083  -0.4233  -2.4747  -2.5316  -1.8211  -2.0961  -1.3126   -0.137  -0.2688  -1.2245  -0.2583  -0.7798   1.5348  -2.5745   0.2333  -0.4939  -1.7876   2.0096   0.2517
 3 A  -0.0352   0.5711   0.9732  -2.1028  -0.2162   0.2587   0.1562  -0.9251  -1.8923  -0.0568  -0.4873   0.4292    2.475  -0.3618  -2.4956  -0.5604  -0.8013  -2.2895   0.7735  -0.2972
 4 A   2.1076  -2.2809  -2.2936  -2.4204  -2.1485  -1.1251  -0.9587  -0.2839  -2.3276  -1.0291  -0.8431  -0.6767   -1.859   1.1801    0.596   0.4734  -1.1613   2.0482  -1.6561   0.0023
 5 A  -0.6985  -2.0092   0.7351   -2.041  -0.8734    1.022  -1.2667  -0.5997   0.1971  -0.0754   0.2477  -0.9047  -0.7195  -2.3216   0.1046   0.9408   2.0572  -2.7284  -2.2568  -0.2877
 6 A  -0.5536  -0.2474   0.1304  -2.2055  -1.0071   0.1854  -1.9527   0.1451  -0.9124   -1.806  -1.0586   0.0864  -2.2667  -1.5515    3.227  -0.8365    0.195   1.0798  -0.0985  -1.7662
 7 A   0.9655  -2.3398  -2.3145  -2.5666  -2.0867  -2.1708  -2.3142  -0.3827  -2.5588   0.8746   1.4209  -0.7285  -1.2354   -1.199  -2.4487   1.3111  -0.6996  -2.6284  -2.2066   0.4063
 8 A  -0.3772  -2.3189   0.0688  -2.5858  -2.2386   0.1304  -2.3072  -2.6861   0.1567   0.2814    1.834  -1.5634   0.7121  -0.0163  -0.2982   0.3413  -1.2247  -2.4423  -0.9702    0.386
 9 A   0.7062   0.0074   0.3816  -0.5694  -2.2927  -1.7494  -1.3047  -0.8437   0.5438   0.3373  -1.1302  -0.0995   2.3088  -2.2583   0.0996   0.9201   0.8414   -0.297  -2.1759  -0.9377
