            A        R        N        D        C        Q        E        G        H        I        L        K        M        F        P        S        T        W        Y        V
 1 A  -1.1643  -0.5339  -2.1802  -3.8698  -1.5365  -0.2801  -1.2084   -3.213  -1.5034  -0.2228   0.4416  -3.4483   0.0367   2.1719  -3.9285   0.0367   0.4181   0.7129   1.8245     0.95
 2 A  -3.2511  -1.0115   1.2346   -0.654   0.5886   1.1575   -0.909  -0.6247   0.5535   0.2208  -0.1878   1.2846    0.311   1.0569  -1.0192  -1.3592  -1.2579  -3.4142   0.8561  -0.8789
 3 A  -0.7679  -1.0301  -3.1724  -3.4206  -0.4515   0.1862  -0.1965  -0.4358   1.2842    -0.02   0.1325   1.0784  -0.0045  -0.9426  -0.5826   0.6245    1.012   1.5125   0.7655  -0.7556
 4 A   0.5592  -0.7896  -0.6118  -0.8482  -1.5075   0.1534  -1.1564  -0.5212    -3.42   0.0372   1.1264  -2.2367   2.0394   0.6913   -3.731   0.9729  -2.9662  -3.5355  -0.4911   -0.421
 5 A   -1.172   0.5803  -0.4874  -1.6956  -0.2053  -2.3502  -1.9262  -1.6087  -0.5185   0.8625   1.2869  -0.0498   0.4958   0.4994  -0.0164  -1.9133  -0.1409   0.1226  -0.7014    0.439
 6 A   1.1776   0.3556   0.1439  -3.1875   -2.182  -0.9841  -0.5005  -0.3028  -3.2512  -0.9597  -2.4132   0.7175  -1.0627  -0.6866   0.0217   2.0415  -0.9402  -3.8581  -1.0362   0.1217
 7 A  -1.4416   0.2775   1.4733  -1.2766  -3.7316   0.9733   0.5469  -1.7263  -1.0654  -0.3973   0.6782   -0.461  -0.0009   -3.409   0.8099    0.406   0.2205   1.5029   -1.761  -0.5752
 8 A   0.2343   0.9187  -0.5787  -2.2476  -3.6954   0.6702  -3.0318  -0.1896  -1.5276  -0.6178  -0.5061   0.9764  -0.7078   0.5291   1.7431  -0.3392   0.9201  -3.7333  -0.7329   -1.146
 9 A   0.4751   -2.198  -0.2102  -2.8051  -1.0491  -0.8198  -0.8311  -1.0755   0.8546   0.5347   0.8172  -0.4218    0.481  -0.4536  -1.6075   0.3958  -0.1168  -3.6055   0.1384   0.9269
