            A        R        N        D        C        Q        E        G        H        I        L        K        M        F        P        S        T        W        Y        V
 1 A  -0.7078  -1.4599   0.2981   -0.417  -3.8931   1.3703  -0.1843  -0.2015   0.9654   0.0117  -0.9595   0.6979  -1.0355   1.0567  -1.2928  -0.1883  -0.8965   2.7259   0.9461  -1.6488
 2 A  -0.8263  -2.7864   -3.911  -3.1001  -0.2054   -0.466   -2.373  -4.1379  -3.4074    0.685   1.3133  -0.2659   1.0246   1.8269  -4.0023  -3.4759  -0.9067  -3.0677   1.5452   0.8009
 3 A  -0.8185   0.8514   1.0832  -1.6338  -1.5587  -3.1097  -1.8807  -1.7808  -0.0689   0.7273   0.9393   0.3127   1.0894   1.0079  -0.8107  -0.6252  -3.1098  -1.5764  -0.9366  -0.0663
 4 A  -1.5679  -0.2332  -1.3484  -1.8541     -3.6  -2.1339   0.1392  -2.2469   0.5248   0.1758   0.3627     1.04  -0.1922   -1.752   0.9412    1.021   1.4276    0.403  -1.7465    -0.23
 5 A   0.3883  -1.8053   0.5225  -0.9537  -0.4404   0.6584   0.1361   0.0145   -3.356   0.0616   0.6873  -0.6177   0.8012   -0.034  -3.6153   1.3286  -1.4001  -1.6293  -3.2924  -0.3763
 6 A  -0.1969    1.071   0.7105  -1.9076  -3.6134  -1.0616  -1.5892  -0.2802  -1.1089   0.4973   0.7433  -1.0053  -1.8859   0.1641   0.8021  -0.1823   0.4206  -3.6787  -0.3295   -0.148
 7 A   1.2952  -0.0292    0.903  -1.7857  -1.5361  -0.7415  -0.6191  -0.0898   0.1151  -3.3812  -0.4186    1.121  -3.1868  -2.8351   0.5138   1.4029  -0.9801  -1.6766  -3.5145  -0.5284
 8 A  -1.6129  -1.4413   0.4512  -1.3322  -3.7367  -0.7591   0.1405  -0.3586    0.956  -1.0259   0.7041   1.2134   0.3134  -2.0403   0.8055   0.1334   -0.134   0.6627   0.4707  -0.0544
 9 A  -0.1327   0.4588  -3.4321  -0.8532  -0.0112   0.6498  -0.5448  -1.2445  -2.2397    0.757   0.2725  -0.2959  -0.6464   0.8964   1.2189  -2.5088   0.8639  -3.6563  -0.9676   0.1115
