            A        R        N        D        C        Q        E        G        H        I        L        K        M        F        P        S        T        W        Y        V
 1 A  -1.8267  -0.9027  -3.6901  -3.9849  -0.1368   0.3136  -3.5638  -1.5541  -2.0049   0.4046   1.1821  -1.6583  -1.6602   2.2545  -3.9579  -0.3602  -1.2152  -1.2627   2.2558  -0.5212
 2 A  -3.0915   0.0426   1.3929  -0.8685  -0.3852   0.8244  -0.6953  -0.5438  -0.9925   0.5672  -0.2113    1.042   0.2386   0.7465  -0.9393  -0.1113  -1.3759  -3.5752  -0.6381   0.2203
 3 A  -1.0493   0.5614  -2.4283   -3.426  -3.5397  -2.8343  -0.4584  -1.4791    0.933   0.3213   0.6478   1.0801  -0.3138  -1.6019  -2.5399   0.8823    0.852   2.1997  -0.8868  -0.0083
 4 A   0.9008  -1.4784   -3.343  -1.5952  -2.0911    -0.03  -3.2304  -0.2658   -0.435  -0.3517   0.9941  -0.4481   2.1525   0.3376   0.1924   0.9261  -1.6094  -3.5628  -1.2097  -0.6319
 5 A  -1.5796   0.2678  -0.0314  -2.7546  -3.5795  -0.7332  -0.7531  -1.5222  -1.0208   0.5026   1.1486   0.6699  -2.5201   0.4356   0.8103  -1.5529  -0.2754  -3.3679    0.998   0.3996
 6 A   1.0729  -0.0658   0.5464   -0.564  -2.1323   -1.222     -1.0  -0.8008   0.0248  -2.7424  -0.3293   0.2785  -1.4025   0.0275   0.8273   1.8422   -0.582   -3.709  -0.6679  -1.2483
 7 A  -0.3235  -1.2079   1.1772  -2.4535  -3.6211  -0.1447   0.3605   0.1576    0.616   0.0346  -0.3098  -0.5272   0.0439  -2.6069    1.668    0.935  -0.4837   0.9475  -0.9476  -0.6071
 8 A  -0.0471   0.8535  -3.1731  -1.5408  -0.1364   1.1126  -0.8329   -1.475  -0.4187  -0.1477   0.1718   1.2015   0.3915  -0.4408     0.82  -1.6812   1.0388  -3.7509  -2.2498  -0.1583
 9 A   0.5548  -0.1934   0.6645  -1.0864  -3.3684   0.2341  -2.0837  -1.1132  -2.1327   0.1126   0.6588  -0.9541   0.4115   0.0563  -3.5726   1.0948  -0.2307  -3.6609  -1.6433   0.8562
