            A        R        N        D        C        Q        E        G        H        I        L        K        M        F        P        S        T        W        Y        V
 1 A  -2.3923  -0.6018   0.7456  -1.3741  -0.7909   1.2353  -0.3234   0.1436  -3.1072  -2.2797   0.9556   1.0811   0.5502   1.1182  -3.7705    0.229  -3.1573   -0.768   1.0377  -2.1119
 2 A  -1.3616   0.3615  -1.7525  -1.0471  -1.1393  -2.3287  -0.0816  -1.4479    0.374   1.2068  -0.0899    0.272  -1.9205   2.0355  -3.8972   0.0777  -0.3905   1.6074   0.6932  -1.6907
 3 A   -0.088   0.2446  -0.0234  -1.9421  -0.0431  -0.4151  -0.3443  -0.5651  -0.1071  -0.9659  -0.3062   1.0056   1.5366  -1.2217  -2.0731  -0.6289  -1.2589   2.0828  -2.2815   1.3868
 4 A   0.2513  -0.8181   0.7363  -2.3088  -3.5321  -0.8615  -1.4037  -0.5577  -1.1316   0.8497   0.4588  -0.6755  -0.1956   0.5952  -3.7598    0.815  -0.8776   -1.584   0.7298   0.6812
 5 A  -2.4091  -0.6614   0.3252   -1.982  -0.0453   0.8473  -3.3195  -1.0125   0.4981   0.4795   1.2244  -0.6651   1.4891  -1.9709   1.1311   -1.225   0.4472  -1.6136   0.7164  -0.9455
 6 A   1.0456  -0.7423  -2.5618  -2.7487   0.1366  -0.5927  -0.5508  -0.5352  -3.4059  -0.8581   0.5758   1.3723  -2.9854  -1.4999   1.6713   0.9519  -1.4535  -1.6731  -0.2207  -1.8362
 7 A   0.5743  -0.1867   0.9692  -0.9729  -0.7509  -1.3471  -0.1422  -0.7229  -0.8005   0.3578   0.6744   0.0177  -1.9551  -2.6907  -0.8037   1.5039  -0.5681  -3.9748   -3.532  -0.4887
 8 A   0.4786   0.3722  -2.0978  -1.2296  -3.5946   0.3495  -2.5896  -1.5759   0.2216  -0.7787   0.5102   0.2872   0.9602   0.7535   1.1359   0.0353   0.3913   -0.821  -2.2131   0.1676
 9 A  -2.2623  -0.4842   0.4967  -3.3658  -3.6568   0.1453  -1.5562   0.4054    0.229   0.2074  -0.1188   1.1154   0.4166   0.0236  -1.0371   1.0241   0.5261  -3.8049  -2.3151   0.4543
