            A        R        N        D        C        Q        E        G        H        I        L        K        M        F        P        S        T        W        Y        V
 1 A  -0.6303  -0.9133  -0.9874  -1.1482  -1.1818   0.6391  -0.6861  -1.3041   -0.885  -0.4142   0.6541   -0.741  -0.1401   1.5145   1.9453   0.2141  -0.5705  -0.8827  -0.0287  -0.5923
 2 A   0.3051  -0.6506  -0.2723    0.663  -1.1718   0.8118  -0.2276   0.5175   1.4452  -1.1262  -1.1756  -0.4696  -0.8083  -0.6346  -0.9477  -0.0475   1.0809  -0.8063   1.0655  -0.8699
 3 A  -0.8871  -0.8566  -0.5977  -1.1586  -1.2953  -0.6034  -0.7916  -1.4315   2.7374   0.2846    0.212   -0.908  -0.2174   1.0242  -1.3452  -0.6794   0.3509  -0.4532   1.4168  -0.3724
 4 A  -0.3931   0.6592   0.8965  -0.5465  -1.2783  -0.2541  -0.4557   0.5359   2.2227  -1.1202  -0.2074  -0.2891  -0.6264  -1.0356  -1.0625   0.9347  -0.3505  -1.2925  -0.4355  -1.1116
 5 A  -0.6015  -1.2002  -1.0929   -1.156  -1.3394  -0.9573  -0.9199  -1.2072  -1.1081  -0.0369   -0.971  -0.8756  -0.8775  -0.8494   2.8663    0.221  -0.5761   3.4395  -0.3682  -0.7235
 6 A  -0.3792   1.3495   0.8882  -0.5401  -1.1733  -0.0926  -0.3752  -0.8543   1.4356  -1.0234  -0.8286   0.0023   0.8438  -1.1216   -0.973   1.0136   0.6633  -1.3045    -0.66  -0.8906
 7 A  -0.1959  -1.0471  -0.7437  -1.1085   2.5568  -0.7991  -0.9316  -1.0261   -0.753  -0.4534   0.5859  -0.8937  -0.2065  -0.3195   -1.102   1.2552   -0.168  -0.8451   0.9891  -0.4762
 8 A  -0.9411  -0.5532  -1.2479  -1.4537   -1.227   0.6991  -0.7156  -1.5517  -0.9718  -0.1058   1.3226   0.3103   0.2164  -0.2115  -1.5307  -1.0446  -0.8396   3.4596  -0.1474  -0.3746
 9 A   0.1904   0.6743   -1.007  -0.9316  -1.0489   -0.305   0.4567  -1.3047   -0.954   0.9146   0.7822   0.5154   0.0387  -0.6727  -1.1498  -0.6257  -0.5961  -1.3075  -0.9166   0.0922
