            A        R        N        D        C        Q        E        G        H        I        L        K        M        F        P        S        T        W        Y        V
 1 A   -0.415  -2.2601  -0.1893  -0.6581  -0.9738   0.6135    0.414  -0.2829  -1.8939  -0.3656    0.595  -1.4882   1.0286   0.2314   -2.632    -0.41  -0.8758  -1.9553   2.0209   0.6691
 2 A  -0.6543  -0.0892    1.992  -0.4442  -2.8366   1.4312   0.2254  -1.6608  -0.1469  -1.7804  -0.3372   1.5191  -2.0014    0.605  -1.3284  -0.0907  -1.8721   -2.436   0.2723  -2.3791
 3 A  -0.8458   0.0101  -1.4037  -1.6373  -2.4122   0.4226  -1.3733  -2.6967  -0.3058   0.8968   0.5463   1.1116   0.8331  -1.2077  -2.5632   0.0061  -0.0111   1.0631   0.2538   0.8032
 4 A   0.7083  -0.5892  -0.5494  -1.6922  -2.3327    1.583  -2.0543  -2.6112  -2.3049   1.0537   1.4206  -0.6784  -0.5079  -1.1719  -1.4263  -1.0076  -1.9354   1.4423  -0.4819  -0.1765
 5 A   -0.048  -0.9769  -2.3125  -1.6734  -2.3682  -1.1483   -1.516  -0.2757  -0.9254   0.9572  -0.0226    0.153   0.2352  -1.6936   0.8952  -0.1603   0.5039  -2.1937    1.724   0.7144
 6 A  -0.0109   1.1006  -0.3785   -0.626   -2.479  -0.1238  -1.9343   0.5047  -0.9482    0.237  -0.2618  -0.3048   -0.256    0.237   0.7337   1.4262  -0.1958  -2.6641  -2.1322  -1.9228
 7 A  -1.5535   -2.122   1.9113  -1.3525  -2.5493  -0.1615  -0.9708   0.0931   1.0145   0.4455   1.0573  -0.4271  -0.1429  -0.8462    0.515  -0.3691  -0.5225  -2.7109  -2.1275  -0.7455
 8 A   0.3277   0.1689  -1.3982  -1.0588  -2.4744  -0.5279  -0.6012  -1.8172  -0.3102  -0.0944   0.2185   0.6143  -1.7239   0.4638   1.9127   -0.364  -0.2538  -2.5357   -0.055   0.3496
 9 A   0.2571  -2.2535     0.94  -0.6257   -0.888  -1.1372  -2.1151  -0.9113   -2.296  -0.8038   0.3509  -1.0563   1.0199   0.4668  -2.4576   1.2168   0.9233  -2.5802  -2.0204   0.9203
