            A        R        N        D        C        Q        E        G        H        I        L        K        M        F        P        S        T        W        Y        V
 1 A  -0.6789   1.3863  -0.8275   -1.259  -1.1985  -0.4525  -0.7926  -1.3665  -0.4463  -0.3645   0.7536   -0.202  -0.0449   1.1235  -1.3126   0.2578  -0.5558  -0.4253   1.3134  -0.5241
 2 A  -0.2674  -0.4276  -0.3875  -0.6901  -1.0571   1.5709  -0.1169  -0.9074  -0.5945   0.1389  -0.7422  -0.2503  -0.4418  -0.8838  -0.9681   1.0604   0.7563    2.665  -0.4567  -0.4045
 3 A  -0.4026  -0.8077  -0.4923  -0.9971  -1.0449  -0.4938  -0.7235   0.5457    2.319  -0.1671   0.3204  -0.7687   1.0909  -0.6385  -1.1945   0.3473  -0.4729  -1.1352  -0.2573   0.2687
 4 A  -0.1207  -0.5124  -0.0318   0.8549   1.7949    0.949  -0.0074  -0.6989   1.5303  -1.3746  -1.3523  -0.3195  -0.8518  -1.3646  -0.8435   1.4376  -0.0512  -1.4657  -0.7059  -1.1103
 5 A  -0.6893   1.3674  -1.0842  -1.3699  -1.0663  -0.4764  -0.8796  -1.5605   -0.989   0.6624   0.5287  -0.2112   1.1663  -0.6768   1.2231  -0.8299  -0.5729  -1.3243  -0.8908   0.5659
 6 A  -0.1231   0.8016   1.6644  -0.1506  -1.0282  -0.1335   -0.284  -0.5164  -0.3703  -1.3393  -1.3699  -0.0616  -0.9046  -1.3982  -0.7927   1.5366   0.9001  -1.4894  -1.0748  -1.0227
 7 A   0.5686   0.9586  -0.2262  -0.5729  -0.9766   1.0611  -0.0438  -0.6427  -0.5379  -1.1923  -1.1693   0.8287  -0.7054  -1.4518  -0.7078   1.1785   0.8001  -1.4008  -0.9982  -0.8266
 8 A   0.2649  -1.3868  -1.5948  -1.7012  -0.7542  -1.2548  -1.4165   -1.451  -1.3915   1.2681   1.0711  -1.2789   0.3354   1.0482  -1.4158  -0.8855  -0.5606  -0.9218  -0.2382   0.8871
 9 A  -0.9616  -1.5451  -1.7307  -1.8517  -0.9395  -1.5114  -1.6868  -1.9023  -1.3422   1.5216   1.1506  -1.5123   0.4099   1.7689  -1.7063  -1.3575  -0.7545  -0.6335   0.1789   0.5406
