            A        R        N        D        C        Q        E        G        H        I        L        K        M        F        P        S        T        W        Y        V
 1 A  -0.2238   1.3971  -0.4661   -0.912   1.7974  -0.3406  -0.6409   0.6048  -0.8046  -0.9035  -0.0198  -0.0877  -0.5093  -1.1348  -1.0507   0.9863  -0.2617  -1.4008  -1.1241  -0.8244
 2 A  -0.1223  -0.6247  -0.3864  -0.6346  -1.0833   0.8674  -0.2684  -0.7799  -0.6523  -1.2091  -1.1108  -0.3568  -0.7856   0.7275   2.1427   1.4115  -0.0546   -1.225  -0.4186  -1.0417
 3 A   0.9349  -0.5891   0.8619  -0.6001  -0.9912   0.8877  -0.3351   0.7206   1.5264  -0.6413  -0.9774  -0.4207   -0.671  -1.2189  -0.9561  -0.0833  -0.4329  -1.3602  -0.6489   0.1522
 4 A  -0.7394  -0.7107  -0.7776  -1.1589  -1.0896    0.812  -0.5872  -1.4599   1.5428   0.5268   0.8279  -0.6599   0.1016  -0.0607  -1.2461  -0.5972    0.509  -0.5945   1.2548  -0.0706
 5 A  -0.6801   1.4374   0.8885  -0.6797  -1.3573   -0.221  -0.5017  -1.0397   1.5558  -0.8271   0.0692  -0.0524  -0.4033   0.8535  -1.2053    0.402  -0.4799  -0.9461  -0.0858   -0.908
 6 A  -0.8157  -0.7572   0.7204  -0.7393   -1.617     0.79  -0.4669  -1.0739  -0.6489  -1.5114  -1.4045  -0.5324   -1.074   -0.936   2.6351   -0.562   -0.709   3.6083   -0.247  -1.4065
 7 A  -0.0928   0.7321  -0.3396  -0.7571  -0.8281  -0.2776  -0.5105  -0.8378  -0.7536  -0.4828   0.2603  -0.2241   1.0735   -0.834  -0.8777   1.4458   0.8506  -1.2653  -0.9037  -0.4592
 8 A  -0.0149  -1.0339  -0.6451  -0.9958   2.7244  -0.7665  -0.8597  -0.9046  -1.1462  -0.2175   0.1836  -0.8384  -0.2847  -0.9278  -1.0045    1.374   0.0078  -1.4854  -1.0664   0.3404
 9 A  -0.9792  -1.2534  -1.6945  -1.9056  -0.9839  -1.1671  -1.4912  -1.7794  -1.2021   0.2986   1.5958   -1.345   1.4065   1.1793  -1.7469  -1.3007  -0.8495   2.7074   0.1076   -0.025
