            A        R        N        D        C        Q        E        G        H        I        L        K        M        F        P        S        T        W        Y        V
 1 A  -1.8269   -0.418  -2.8398  -3.9509  -3.9212   -0.117  -0.8447  -0.7983   0.2909   0.7322   0.2227  -0.1212  -1.4589    2.274  -2.2542  -0.3659  -3.4212   0.7854    2.275  -0.8558
 2 A   -1.556  -0.4657   0.8671  -0.9351   0.1789    0.051  -0.7688   -0.574   1.4688   -0.274  -1.1532   1.2096   0.0177   0.4017  -3.7926   0.5803  -1.3474  -0.9184  -0.1205   0.9729
 3 A  -0.3283   0.8101  -1.0784  -1.3132  -3.7026   0.6834  -0.1647  -1.7104  -0.6244   0.7421   0.6969  -0.7288  -1.9636   0.1285  -3.8249  -0.0697   0.9999  -3.6365   0.6213   0.2422
 4 A   -0.268  -2.8688   -1.337    -0.28  -1.2054   0.1299  -0.1814  -3.9765  -3.6189  -1.3017   1.6102  -2.4147   2.2512  -0.7111   0.7914   0.0504  -1.1812   1.7047  -0.4516  -0.2022
 5 A   0.4271    0.065   -1.068  -3.6013    0.185   0.0392  -1.4459   0.2071  -1.6606   0.2385   0.0723   0.9059   0.1717  -0.7709   1.2313   0.8849   -0.988  -3.7715   0.6893  -1.8973
 6 A   0.8038  -3.5405   1.1048  -0.3266  -3.5162  -1.4997  -2.2557  -0.3748  -3.4926   0.4848  -1.3721  -3.3061  -3.1617  -0.9663  -1.6906   1.8881   1.4605  -0.4236  -1.1721   0.2725
 7 A  -0.6431   0.7139   0.5714  -2.3932   -2.374  -0.9272  -0.2648  -2.1414  -0.4084  -0.3911    0.958  -0.6257   1.6645   0.2673   1.2721  -0.0091  -1.0013  -3.8857  -3.3005   0.2721
 8 A  -0.9029  -0.7151   0.7152  -0.0621  -2.3979  -0.2011  -0.7589  -0.6515   0.4037   0.0737  -0.7099   0.8691  -0.8427   -0.787   0.4503   0.5049   1.6656  -3.8132   0.4299  -1.0116
 9 A   1.2558  -0.0325  -0.3122   -1.097  -0.8527   0.0399  -0.3352   0.1705    0.619  -0.9516   0.4143  -1.6953  -0.5591   -1.904   -0.544   1.2671   0.3039  -0.0377  -1.4809   -1.255
