            A        R        N        D        C        Q        E        G        H        I        L        K        M        F        P        S        T        W        Y        V
 1 A  -1.9268   0.4134   1.3004  -2.7321  -2.3617   1.0965  -1.0028  -3.1271   0.3937   1.0028  -0.1789  -1.8774  -1.4265   0.9384  -3.8733    0.555   -1.292   1.1992   2.2642  -2.2352
 2 A  -0.1162  -0.9304  -0.0449  -3.5669   0.1119  -0.8422    -0.37  -1.4382   0.8075   0.2074  -0.3206   1.2554   -0.233   1.6401   -3.801  -0.3404  -2.5385   0.0835    0.007    0.823
 3 A   0.1251   0.2012  -1.0213  -2.9252  -1.5689   0.5106  -1.6417   -2.682  -0.5542   -0.439   0.8383  -0.9401   -0.198   1.0103  -3.8066   0.1499   0.6163   0.8334   0.1143   1.0482
 4 A  -0.6727  -1.1784  -1.8026   0.4693  -0.2643  -0.0235  -0.4839  -3.2526   0.3367  -0.8297    1.653  -0.7032    1.856   0.2974   0.6741  -3.3698  -2.1718   0.8231  -3.0852  -0.0573
 5 A  -1.7785   0.1656   0.8546  -2.6051  -0.2735   0.8537  -0.6718   0.1966  -2.1077   0.1451  -0.1665   0.8825  -0.0744  -2.1342  -1.0442   1.7546  -0.5894  -0.3155   0.7721  -3.1923
 6 A   0.8145    0.351  -0.0097  -0.4598  -1.5792  -0.2738   -0.824  -0.3764  -1.1583  -0.0287  -1.1086   -0.635  -0.0852   -0.742   1.3229   1.2301   1.1341  -4.0001  -3.5001  -1.0414
 7 A   0.1253  -1.1243   1.1305  -1.8902   -3.608  -0.8318   0.1526  -0.8754  -3.4228   0.4106   1.1832   0.4392   1.3393  -3.3156   0.1673   0.4045  -1.2602  -1.6994  -2.4597   -0.659
 8 A   0.0863  -3.2475  -1.3885  -0.8589  -2.2626   1.1007  -0.3395  -0.4789   1.0712  -0.1285  -0.1949  -0.4409   0.2593  -1.0547   0.6892   0.6823   1.4732  -0.8535  -1.0524   0.0945
 9 A   0.8486    0.217   1.0496  -1.1783  -2.2286  -3.0456  -2.1665  -0.9496  -3.4119  -1.0651   0.2319   0.2106  -1.4537  -0.5732  -0.1684   1.4915   0.5219  -3.9458  -3.4572   0.4323
