            A        R        N        D        C        Q        E        G        H        I        L        K        M        F        P        S        T        W        Y        V
 1 A  -1.3628    0.756   0.8551  -0.5025   0.0597   0.0836  -0.0326  -1.0374   0.6696   0.7125  -0.0495  -1.0807   0.2135   0.1537  -2.7262   1.4591  -1.7648   0.0201   0.3853  -1.6511
 2 A  -1.2496   0.1655  -3.5113  -3.8064  -0.8343   0.3766  -1.6763  -1.8978   1.1034   0.7479   0.1466   0.4944  -2.7849   1.5039  -1.7334   0.1562  -0.1392  -0.3308   0.6931   0.7868
 3 A  -0.0457  -0.2915  -0.3359  -3.9632  -2.2889  -0.7371  -3.6779  -1.6887   -1.678  -0.4667   1.3673  -2.0685   1.7124   1.7181  -4.0029    0.013  -0.8231    0.337  -0.1814   0.4173
 4 A  -0.2295  -0.6542  -2.1434  -0.3161  -3.8013   1.1198   0.1298  -0.3854  -1.1949   0.3534   0.7325   1.4744   1.3545  -0.3348  -0.6931  -1.4625  -2.1791  -0.8878  -0.6202  -0.5496
 5 A   0.6648  -0.1721   0.4976  -3.4065  -2.2951  -2.3371  -0.6427   0.3041  -3.3789   0.2302  -1.1249  -0.8324   0.3382  -0.1249  -0.6803     1.47   0.7877   1.1244   0.2692  -0.3317
 6 A   0.2282  -0.6026   1.1753   0.7597  -0.8285  -0.9007  -0.8832  -2.6331  -1.6443  -0.1595   0.7256  -1.1313   1.0628  -1.2866   0.7719   0.2458  -0.0383   0.5531  -1.4475  -0.1239
 7 A  -0.1016   -0.167   0.5504  -1.4677  -1.1936  -0.0593  -1.2287  -2.0763   0.3065  -1.4198   0.5499  -0.2162  -2.0531   0.6342   2.0421  -1.0767   0.6699  -0.3625    0.283  -0.1475
 8 A   0.7448  -1.8668    0.645    -0.02   -2.264  -2.2865   -3.084  -0.4894  -0.5899  -1.0498  -2.3065   0.0944  -3.3086  -3.7774   0.2382   1.7884    1.923  -4.0337  -0.8909   0.0295
 9 A  -0.5768  -0.3611    0.113  -1.4385  -3.6642  -0.3258   -0.042  -1.3048   0.4277   0.6917   0.9635  -0.4877  -0.0781  -2.1813   0.7733   1.5856  -1.4929    0.552  -3.4091  -0.9187
