            A        R        N        D        C        Q        E        G        H        I        L        K        M        F        P        S        T        W        Y        V
 1 A   -2.163  -0.7609  -0.1213  -2.9295   -3.722  -2.4444  -1.3009  -2.7679   0.1397   1.1743   0.5173   0.1683  -1.0504   1.4449  -3.8997   1.4454  -0.6913  -0.8495   1.3583  -0.3896
 2 A  -3.3008   -0.619   0.3074   -3.647  -1.7062   1.4686  -1.0857  -0.5901    0.409   0.0108   0.4477  -0.4335   0.3364   1.1884  -1.4448   0.3623  -2.6174   1.7166   0.8832   0.5236
 3 A   0.2534   1.2211  -0.8757  -2.3808  -1.6734  -2.9524  -0.4321  -2.0926  -0.1881  -0.3347  -0.5968   1.0283   1.1016  -1.0964  -1.1319   0.5925   0.4273  -3.7181   0.6982   0.7727
 4 A   0.3263  -2.3615   1.3317   0.2829  -0.5837  -0.1039    -1.47  -0.4829  -0.8991  -2.9556   1.3837   -2.827   1.9045   0.8256  -1.1669   0.0004  -3.2159   1.3701  -3.1067  -2.3725
 5 A  -0.7271  -0.0176   0.5824  -2.0032  -2.3868  -0.9142  -0.0806  -1.6953   0.4053   0.0024   0.7158   0.4159  -2.8973   0.0481   0.6691  -0.3096   0.6396  -3.6324   0.9283   0.1758
 6 A   0.4894  -1.2308   0.7688  -2.6791  -0.5694  -0.9149   0.0044   0.4521  -3.5142    0.252  -3.0581  -0.6235  -3.2846  -2.9322   0.9859   1.6132   0.6628  -4.1601  -2.6081   0.7015
 7 A   0.6203  -0.8948   1.1397  -1.4632  -3.6909  -0.5305  -0.9318  -0.3186  -3.4411  -0.6176   0.4571  -0.4263   0.7605  -3.4974   1.5292   0.2864    0.746   0.5193  -0.3192  -0.7895
 8 A  -1.5626  -0.2863  -1.7892   -1.524  -0.5898   0.6074   -1.942    0.248   1.3452  -1.2904   1.1109   0.1202   0.3344   0.1154   0.9779   0.0066   0.9587  -3.7955  -0.8464  -1.5405
 9 A   0.7685  -0.0333  -0.1079  -2.3814   -1.629  -1.1869  -1.9643  -2.2948  -2.3439  -0.4929   0.6114  -1.1526  -0.1194    0.112   0.0916   1.6778   0.8508  -0.9276  -1.1267   0.0787
