            A        R        N        D        C        Q        E        G        H        I        L        K        M        F        P        S        T        W        Y        V
 1 A  -0.5914    0.598  -0.4775   -0.981  -0.6719   0.1766  -0.2116  -1.2217   0.0072   0.0117   0.1122     0.23   -0.008   1.5294  -0.2979   -0.319  -0.4861  -0.0682    1.026  -0.3217
 2 A  -0.5926  -0.8198   -0.278  -1.0285   0.1456   0.1875  -0.4942  -0.8694   -0.373   0.3508   0.5663  -0.2674   0.1247   1.5035  -0.9819  -0.2264  -0.4675   0.4933    0.887  -0.1069
 3 A  -0.4138   0.6118   0.5485  -0.0897   -0.407   0.4753   0.3981  -0.4814   0.8882  -0.1072  -0.1149   0.5099   0.2695  -1.1854  -0.4006    0.119  -0.5095  -0.2687  -0.3793  -0.2971
 4 A   0.0016  -0.6923   -0.109  -0.4748  -0.7048  -0.1848  -0.4884  -0.5288  -1.1351  -0.0908   0.6471  -0.5619   0.1282  -0.2765  -0.4689   0.5053   0.1711   2.3153  -0.0669   0.1367
 5 A  -0.3899  -1.0171  -0.3391  -1.5717    0.493  -0.6243  -0.9757  -1.2969  -0.7894   0.9453   1.0888  -0.8277   1.2723   0.1668  -1.1577  -0.4006  -0.4207  -0.0202   0.3824   0.3592
 6 A   0.0376   0.0453  -0.2214  -0.5536  -1.3967  -0.0636   -0.335  -0.0212   0.1901   0.1779  -0.2767   0.5132  -0.2743  -0.5314   1.1933   0.0759  -0.0164  -0.0408  -0.0104  -0.0845
 7 A    0.736  -0.4641   1.3906   0.1111  -0.5487  -0.0775  -0.0287   0.0856  -0.3097  -0.8617  -0.7535  -0.4388  -0.4184   -0.962  -1.1347   1.2754   0.2307  -1.6979  -1.2414  -0.6634
 8 A  -0.2208   -0.151  -0.2844  -0.2586  -1.3913   0.1498  -0.2413   0.0967  -0.6226  -0.0464   0.3126  -0.1321  -0.0431   0.0387   1.3799  -0.2542  -0.3914  -0.3943   -0.434   0.1785
 9 A   0.0926    -0.01  -0.3014  -0.5427   0.0562  -0.1293  -0.3091   -1.061  -0.2013  -0.1689  -0.1287   0.4042   0.0249   0.4549  -0.0452   0.7143   0.3659  -0.3154   0.1815   0.0527
