            A        R        N        D        C        Q        E        G        H        I        L        K        M        F        P        S        T        W        Y        V
 1 A  -0.9107  -0.6512  -0.5143  -0.9783  -0.8683  -0.5778  -0.7018  -0.9503  -0.3801   0.5208   0.3781  -0.4781  -0.0631   1.7103  -0.3807  -0.7349  -0.7542   1.6808   1.3853   0.0463
 2 A  -0.2941   0.3128   1.4738  -0.2869   0.2239   0.5765   0.1933  -0.3517   0.8121  -1.2063  -1.0138   0.9796  -0.5147  -0.8206  -0.1559   0.1922  -0.1815  -0.0073  -0.3033  -0.8834
 3 A   -0.258   -0.376  -0.1974  -0.7578  -0.5886  -0.2489  -0.4655   -0.769   0.2297  -0.1623   0.2974  -0.3046   0.5055   0.8688   0.3737   0.1824   0.1124   1.3939   0.6762  -0.2292
 4 A   -0.288  -1.0176  -0.6996  -0.7546   -0.449  -0.4483  -1.0525  -0.4504  -0.6345   0.6205   1.0489  -1.2052   0.5994   0.3996  -1.0907   0.1813  -0.2802   0.5577  -0.1728   0.5517
 5 A  -0.4443   0.3471    -0.06  -0.4755  -0.6566   0.7612  -0.5795   -0.317  -0.6568   0.5141   0.1428   0.0511   0.1736  -0.1666   0.4672   -0.098  -0.2499   0.5149  -0.6566   0.2443
 6 A   0.7468  -0.0871   0.0767  -0.4143  -1.2016  -0.1734   0.1807  -0.0528   0.2661  -0.3838  -0.4979      0.2  -0.4051  -0.7531  -1.1422   1.0386   0.4498  -1.5308  -0.4926  -0.1286
 7 A  -0.2522  -0.5449   0.3054  -0.0913  -0.3266   0.1055   0.0337    -0.76  -0.3742   0.3793   0.7338  -0.6003   0.3162  -0.0256  -0.3382  -0.1837  -0.1195  -1.3422   0.0587   0.2253
 8 A  -0.1958  -0.0541  -0.0323  -0.2017  -0.5238   0.3979   0.2482  -0.5378   0.0197  -0.3971  -0.0613   0.4352  -0.2935  -0.5932   1.5063   0.2114  -0.3448  -1.4988   0.0436  -0.2911
 9 A   0.0757  -0.5809   0.8186   0.4505  -0.3929  -0.2381   0.0642  -0.0733   0.1236  -0.6566  -0.5684  -0.3974   -0.916  -0.4106   0.5214   1.1366   0.2378   -1.605  -0.5969  -0.2427
