            A        R        N        D        C        Q        E        G        H        I        L        K        M        F        P        S        T        W        Y        V
 1 A  -0.5307   0.1418  -0.5961  -1.1567  -0.8495  -0.1643  -0.7409  -0.7621   0.1941  -0.0455   0.4021    0.048  -0.1887   1.7281  -0.3892  -0.3025   -0.677  -0.7595   1.1233  -0.1036
 2 A  -0.5674   0.1156   0.0569  -0.1677   0.2568  -0.0314  -0.1525    -1.19  -0.5503   0.4942   0.3437  -0.5799   0.6251   0.5131  -1.5192  -0.1275   0.0253   0.7406   0.3192   0.3304
 3 A  -0.2417   0.4793   0.5184  -0.5026  -0.7206   0.6323   0.6732  -0.3299   1.1278  -0.9558  -0.9068   0.6113  -0.3601  -0.9133   0.0849    0.266  -0.3769   1.9604    0.156  -1.0058
 4 A   0.0283  -0.9175    -0.49  -1.0514  -0.4364  -0.4482   -0.755  -0.7636  -1.2149   0.4662   0.6863  -0.6123   0.4561   0.1776  -0.7104  -0.0833   0.5316   1.2724   0.2785   0.5724
 5 A  -0.6292  -0.9147   0.0861  -0.9047  -0.1266  -0.5528  -1.0842  -1.6978   -0.516   1.0461   1.1249  -0.8185   0.7888   0.3638  -1.1272  -0.3474  -0.4474  -1.2526   0.0617   0.5061
 6 A   0.2959   0.4009   0.0254  -0.2634  -0.5633  -0.0101  -0.1071   0.3921  -0.3568   -1.316  -0.9239   0.7343   0.0268  -0.8382   1.4004   0.4039  -0.1928   0.3784  -0.3686  -0.9038
 7 A   0.5884   -0.637   0.9955   0.2879  -0.3079    0.108  -0.2098  -0.0195  -0.5288   -0.465  -0.6631  -0.5807   -0.121  -1.0929   0.2785   1.2213   0.0524  -0.4536  -0.8843  -0.5584
 8 A   -0.356   0.0474  -0.3429  -0.4383  -1.3683   0.4799  -0.1536  -0.0644  -0.4008   0.1374   0.6144   0.1988  -0.0336   0.2259   0.0082  -0.1299  -0.3092  -1.3795  -0.3374   0.1661
 9 A  -0.2795  -0.1499   -0.262  -0.8703  -0.0482   0.1317   -0.466  -0.1704  -0.0727   0.1807   0.2074  -0.0794   0.1551   0.3075  -0.0518   0.2917   0.1694  -1.2583   0.2963   0.3394
