            A        R        N        D        C        Q        E        G        H        I        L        K        M        F        P        S        T        W        Y        V
 1 A  -0.3172   0.0297  -0.1163  -0.3446   0.3252   0.3756   0.3294   -0.554   0.0764  -0.2321  -0.4381  -0.1066  -0.2192   0.8235  -0.8264   0.3858  -0.5744   1.4263   1.1325  -0.3547
 2 A  -0.7808   0.4306  -0.3184  -1.0446   -1.441  -0.1364  -0.5244  -0.8082  -0.0279   0.2996   0.6866  -0.3296   0.2752   1.3176  -0.6625  -0.7672  -0.4646    1.016   0.6479  -0.0389
 3 A  -0.2008  -0.3561   -0.194  -0.9851  -0.1755  -0.1914  -0.5531  -0.4799   0.5583   0.3859   0.2528   0.4024   0.5093    0.579  -0.5145   0.0457    0.052  -0.0556  -0.0128   0.0548
 4 A   -0.228  -0.1725   0.1487  -0.3009  -0.8481   0.7033   0.0703   0.2784   -0.026   -0.308   0.0695   0.6125  -0.1083   -0.746  -0.2602  -0.0927  -0.4704    1.928   0.0244  -0.4844
 5 A   0.2361  -0.6713  -0.4352  -0.6963  -0.5839  -0.6699  -0.7872  -0.7547  -0.1535   0.5476   1.0448  -0.8445   0.5199  -0.2457  -1.4625   0.1798  -0.1304  -1.3951  -0.3555   0.5962
 6 A  -0.5856   -0.905  -0.8404  -1.5963  -0.1746  -0.5957  -0.7364  -0.6307  -0.7851   0.8828   1.1043  -0.9205   0.6083    0.825  -0.8457  -0.6502   -0.257   -0.327  -0.2836   0.6231
 7 A   0.1046   0.1477   1.6583  -0.1199  -1.5064   0.1818   -0.278   0.0493   0.1169  -1.2462  -1.2951   0.0979  -1.1948  -1.1392   1.4753   0.6669  -0.0026  -1.7292  -0.6119  -1.0058
 8 A   0.2731  -0.2427   0.1478   0.0687  -1.3602   0.3978   0.0492  -0.3931   0.2361  -0.8425  -0.8878  -0.2027  -0.0065   -0.336   1.0182     0.99   0.2795   1.1359  -0.1263   -0.641
 9 A   0.0753  -0.1181  -0.2714  -0.3159  -1.3112  -0.3151  -0.1201   0.3164   -1.071   0.1691   0.3104   0.0339  -0.1513  -0.1513   0.0959    0.302    0.232   -0.093   -0.006   -0.224
