            A        R        N        D        C        Q        E        G        H        I        L        K        M        F        P        S        T        W        Y        V
 1 A   -2.326   0.0116   0.4326  -0.4429   0.6488   0.0466   0.3053  -0.5202   0.1639  -0.5068   0.6202   0.2041  -0.1365  -0.6724   0.2486   0.8185   0.3744   0.3136   0.1518  -1.4432
 2 A   0.0512  -1.7583   0.1737   0.5789  -0.5253   0.1727   0.6154  -0.6249   1.0563  -0.8709  -0.5439   0.5113   0.1336   0.6121  -0.9822   0.9774  -0.1471  -0.6707  -0.8184  -0.7077
 3 A  -0.4757  -0.8787  -0.1382  -0.5555  -0.4358  -5.9607  -4.8751  -0.5858  -0.9842   0.6643   1.3752  -2.2118   1.2976   0.9673  -4.2519  -0.5866  -1.5516   0.1141   0.8698   0.4126
 4 A  -5.2171  -1.0749  -0.0295  -1.8973   0.6309  -0.0056  -3.5643  -3.3569  -0.3016   0.8939   0.9336  -0.3046   1.1265   1.0545  -2.3008   0.4141  -2.5865  -5.9858   0.1577   1.1887
 5 A   0.0719   0.9105   0.8489   0.1535  -6.3488   1.1394  -0.0481  -0.3464  -0.4022  -1.9391  -3.9206   1.2338  -5.9233  -5.2817   0.3778   1.0967   0.5898   -1.241   0.9027   -6.063
 6 A   0.7666  -0.1757   0.4822  -0.0845    -0.28    0.152   0.7293   -0.271  -5.8384  -0.5401  -0.0604  -0.2625   0.4784  -3.8156   0.4214   0.5738   0.2802   1.0425  -6.0087  -0.5429
 7 A  -0.1747  -0.7877  -1.1068  -5.2987  -0.4787   0.7378  -0.2315  -0.2505   0.2119   0.3955   0.8966   0.2581  -0.0977  -0.2109     0.36   0.3572  -0.0675  -6.3095  -4.8328   0.2857
 8 A  -0.7726  -0.9227  -0.6653  -0.1671  -1.3299  -1.4029  -0.4457  -0.4916  -0.2282  -0.2389      0.9   0.0819   0.7232  -0.5673   0.1274   0.4196   1.1224  -0.2618   0.6089  -0.5677
 9 A  -0.5881  -0.8919   0.3145  -0.8177   0.0222  -0.2703  -1.1174  -0.8894   0.5106  -1.5493   0.5388   0.3641   -0.239   0.8023  -0.3865   1.3195   0.4214  -0.3368  -5.5594   0.2105
