            A        R        N        D        C        Q        E        G        H        I        L        K        M        F        P        S        T        W        Y        V
 1 A  -4.1668  -0.3708   0.3928  -1.2546    0.417   0.7384  -0.6963  -2.4877  -1.7184  -0.0622   0.9469   0.1443   0.6303   1.2922  -5.2304   0.7716   0.4205  -5.9487   0.2619  -0.5352
 2 A  -1.5419   0.2802   0.3979   0.2755  -0.3588   0.9191   0.8229   0.0424   0.3381   -0.375  -0.4166   0.3697  -0.3974  -1.9946  -0.1047    0.985   0.2929   0.5322  -5.9158  -1.0534
 3 A   0.0914   -1.194    0.189   0.9384   0.4395  -1.8004   0.0992  -1.5289   0.6501  -5.1857   0.0704   0.2036   0.6243   0.0303   0.4218   1.0953   -0.004   0.6513  -1.0497  -0.3881
 4 A  -1.3072  -2.7647  -4.3902  -2.2045   -6.021   0.4019  -6.1264  -1.4073   -0.495   1.2802   1.5535  -1.0318   1.1299   0.7928  -1.0723  -5.9903  -1.3122  -5.8117   1.2378   0.7199
 5 A  -0.0607   0.0275   0.8171  -1.1515   0.2977   0.0676   -0.998  -0.5625  -3.3354  -0.1372   0.3402   0.6692   -5.385  -0.5267  -0.8345    0.998   0.1666     -2.2  -0.8273   0.4531
 6 A   0.3795   0.7162   0.0797   0.1251  -4.1648   0.3432   0.3425  -0.0618  -5.6728   -0.576  -1.3341    0.872  -0.0132  -1.9169   0.1827  -0.0306   0.3751   1.0159   0.6078  -0.3334
 7 A   0.3638   -0.212    0.271  -3.0014   0.6896   0.3384   0.1841  -0.2729  -0.2287  -0.7402   0.8963  -2.0643    0.778  -0.0843   0.4643   0.5538  -0.3998   -0.129  -5.7438  -0.3803
 8 A   -0.514  -0.3153  -0.5124  -1.3611  -1.1143   0.0871  -0.9736  -0.4334    0.025  -0.6133   0.8668   0.1682  -0.3869   0.2419   0.4786   0.4498   0.8184  -4.1695   0.2972  -0.0531
 9 A  -1.1689   -1.339   0.0467  -0.1647    -0.17  -1.0841  -1.4622  -1.2106   0.7218   0.3943   0.6084    -0.22   0.4613  -0.8982  -0.3852   1.6662   0.7424  -6.3615   -3.572  -0.0506
