            A        R        N        D        C        Q        E        G        H        I        L        K        M        F        P        S        T        W        Y        V
 1 A  -5.5925   0.4069   0.7875  -2.6816   0.1643   0.8313  -0.0127  -1.2142  -0.1575  -0.3687    0.611   0.6862  -0.1688   0.3331  -0.7348   1.0488    0.039  -1.1047  -0.0291  -1.0045
 2 A  -0.3084  -3.6493  -5.6607   0.3624  -0.3576   0.3035    0.812  -0.9496  -0.3337  -0.3991   0.4442  -0.0742   -2.739   0.2131   0.0915   1.1905   0.1642   1.5068   0.5791  -0.9633
 3 A   0.1368  -0.9287  -0.1148   0.1706   0.1107  -4.3171  -0.8204  -0.3928   0.2871  -0.0723   0.7263  -1.1646   1.4699   0.4234  -1.1091   0.1434  -0.4216  -1.7294   0.1545   0.4004
 4 A   -1.787  -0.7691  -0.0303  -0.9066  -0.2432   0.5781   -5.935    -0.88  -4.1218   0.5611   1.2008  -0.2879   0.4875   1.0708   0.2948  -5.8566  -1.8452  -5.8915   0.9945   0.7706
 5 A  -0.4535   0.2939   1.3525  -0.3631  -1.4123   0.8455  -0.9868  -0.8467   0.5541  -0.0504  -4.7026    1.041   0.3625  -1.5536  -5.0999   1.3944   0.7508  -2.8943  -3.1077  -0.0805
 6 A   0.1094   0.5929   0.1096  -0.1011   0.1644  -0.2925   0.4373   0.2993  -1.6266  -1.0212   0.0324   0.6366   0.8598  -6.0667   0.9557   0.0466  -0.5914   0.4475  -1.2207  -0.7418
 7 A   0.2713  -0.1958  -0.3122  -1.1583   0.1389   0.1874  -0.0752  -1.2394  -0.2302   0.5793   0.8244  -0.8432  -1.7308  -0.0321  -0.2408   0.2034   0.0382   0.2647  -1.3215   0.3287
 8 A     0.07  -0.2968  -0.9997  -1.2271  -1.1814   0.2832  -5.1067  -2.2178    0.264  -0.3174   0.8844   0.4723    0.914  -0.0454   -0.413   0.2943   0.9319  -2.4804   0.7158  -0.0297
 9 A  -3.0246  -2.5525   0.1257  -0.2441  -0.3175  -3.5719   0.7191  -0.7793  -0.3368  -1.3083   0.9189  -0.6658  -0.6044  -0.0519   0.8393   1.6903   0.3997  -1.7419  -5.7948   0.0075
