            A        R        N        D        C        Q        E        G        H        I        L        K        M        F        P        S        T        W        Y        V
 1 A  -0.9269   -0.829   1.5954    -0.62  -1.1549   -0.649  -0.9075  -1.0777  -0.5837  -0.1428   0.9517  -0.8176   1.2681  -0.2872  -1.4765  -0.6082  -0.5588   2.8616  -0.3276  -0.3844
 2 A   0.5087  -1.0323  -0.8454  -1.2256  -0.8026  -0.7666  -0.9359   0.7071   1.5709   0.2388   0.3997  -0.9258  -0.0902  -0.6742  -1.1636  -0.4871   -0.497  -1.2331  -0.5023   0.9795
 3 A  -0.6988   0.7503  -1.0985  -0.9413   1.9724  -0.3938   0.5539  -1.5779  -0.9933   0.6245   0.9556  -0.3995   0.1311  -0.5773  -1.2991  -0.8132  -0.6474  -1.2732  -0.9229   0.0193
 4 A  -0.6006  -1.4229   -1.607  -1.7993  -0.7965  -1.3686  -1.4762  -1.7401  -1.3249   0.7136   0.7446  -1.4348   0.2425   1.8722  -1.6002  -1.1141  -0.5344  -0.5799   0.3093   1.4463
 5 A   0.4446  -0.7654   1.0365   0.9666   -1.153  -0.4349  -0.2989  -0.6736   0.0496  -1.1304  -1.1336  -0.5597  -0.8569   0.1195  -0.9504   0.6473  -0.3037  -0.1979   2.0873  -0.9157
 6 A   0.7347  -0.7225  -0.2842  -0.6101  -0.6868  -0.4185  -0.4533  -0.5486  -0.8729  -0.9334  -1.0776  -0.4266  -0.7428  -1.3264   1.5192   1.3426   1.4864  -1.5064  -1.0643  -0.5653
 7 A    0.413   0.9519  -0.6752  -0.9105  -1.1033   1.7028  -0.0641   -1.003  -0.4922  -0.3691  -0.5555    0.035  -0.3307     0.93   -1.063   -0.328   -0.476  -0.9183  -0.1872   0.3028
 8 A  -0.6364   0.1325   1.0039   0.0312  -1.5284   0.3347   1.4909  -1.0119  -0.3644   0.1352  -0.8624   1.3631  -0.6548  -1.2952  -0.8612  -0.2695  -0.4748   -1.432  -1.0206  -0.5377
 9 A  -0.1727   -0.633  -0.5327    -0.84  -0.8987   0.9473  -0.3652  -1.0012   -0.384   0.5675   -0.393  -0.4496  -0.2463  -0.2153  -0.9888   1.0608  -0.0622  -0.6233   1.2848   0.5622
