            A        R        N        D        C        Q        E        G        H        I        L        K        M        F        P        S        T        W        Y        V
 1 A  -0.5067  -1.1465  -0.4917  -0.9871  -0.4259  -0.1299  -0.8605  -0.7514  -0.9934   0.6554   0.8323  -0.4147   0.3473   0.1972   0.5446  -0.8078  -0.4997   1.3291   1.0493   0.3303
 2 A  -0.1895    0.386  -0.2781  -0.0056  -1.4949   0.4861  -0.0416  -0.2679   0.3806  -0.1209  -0.4763   1.1658  -0.2891   0.0407  -1.2377  -0.0397  -0.4203  -1.0294   0.9982  -0.3083
 3 A  -0.4993   0.7253   0.9605  -0.9319  -0.4059  -0.1396  -0.8031  -0.3857  -0.3306   0.3164    -0.23   0.3073   0.2679  -0.0529   -1.314   0.3148   0.5116  -1.2861   0.0889  -0.0015
 4 A  -0.2065  -1.0389  -0.5959  -1.2925  -1.1634  -0.0203  -0.2315   -0.695   0.2073   0.3211   0.9657  -0.4763   1.0718   0.0386  -1.4611  -0.0747  -0.0461   1.2511  -0.0575   0.3367
 5 A   0.7193  -0.0966  -0.3682  -0.8685  -1.0785  -0.9184  -1.0493  -0.9261  -0.1758   1.0313    0.045  -0.1507  -0.3735   0.1957   0.2255  -0.2396  -0.0678  -1.3918  -0.4299   0.5844
 6 A  -0.1861  -1.0663   0.2867  -0.2367  -1.1448  -0.1995  -0.8941  -0.9596  -0.0569   0.3272   0.0487  -0.6338   0.7903   0.4333  -0.7653   0.6148   0.3004  -1.0787   0.6797   0.6453
 7 A  -0.2391   0.2654   1.8861  -0.1947  -1.4858   0.4044   -0.337  -0.1367   0.4211  -0.5964  -1.0857  -0.1402  -1.0566  -1.5836   1.2988   0.6239  -0.0506  -1.7894  -1.2264  -0.8663
 8 A   -0.375   0.0527  -0.3609  -1.1244  -0.0222   0.0925   -0.586  -0.0589   0.4054  -0.2656  -0.0583     0.33  -0.6435   0.0144    1.029   0.2849   0.3787  -1.0829   0.9348  -0.3777
 9 A   0.3026  -0.7596   -1.195  -0.8479  -0.3786  -0.3668  -0.5799  -0.7851  -0.5785   0.3848   1.1228  -0.1993   0.5578   -0.078  -1.3773  -0.0741   0.1197  -1.2585  -0.0774   0.2982
