            A        R        N        D        C        Q        E        G        H        I        L        K        M        F        P        S        T        W        Y        V
 1 A  -0.4607  -0.5562  -0.8681  -1.5139  -1.2676   0.1243  -0.6466  -0.3016  -0.5094    0.875   0.9936  -0.5836   0.4693   0.4868  -1.6337  -0.7294  -0.8846   1.8883   0.4293   0.1373
 2 A  -0.4003   0.0892   -0.235   0.2274  -1.4756   0.8335   0.3424  -0.3097  -0.1555   0.0617   -0.401   0.7174  -0.2881   0.3235  -1.2835  -0.0028   -0.188  -1.1004   0.7186    -0.08
 3 A  -0.3049   0.2044   1.1716  -0.8901  -1.3351   0.1044  -0.7243  -1.2362   0.5408   0.0939   0.2019      0.6   0.2097  -0.5814  -0.6546   0.1168    0.072  -1.2978   0.3157    0.156
 4 A  -0.4263  -0.6132  -0.7533  -0.5668  -1.1321  -0.0174   -0.617   -1.183  -0.5919   0.9425   1.0506  -0.8337   0.9841  -0.0244  -1.5755  -0.7573    -0.44   0.3559  -0.4538   0.8263
 5 A   0.5552   0.2698   0.6632    -0.58  -1.3322  -0.1111  -0.7197   0.0839   -0.061   -0.416  -0.1108   0.7143  -0.1897   0.1826   0.3477  -0.0343  -0.4581  -1.3408  -0.0959  -0.4607
 6 A  -0.1608  -0.1232  -0.3016  -1.2293  -1.1382  -0.5357    -0.78    0.255  -1.2082    0.454   0.3807  -0.2507   0.0327  -0.3221   0.1137   0.4292   0.3253  -1.4362  -0.4698   0.6683
 7 A  -0.3454  -0.2045   1.7905  -0.1604  -1.4284  -0.2694  -0.3302  -0.4249   1.3715  -0.9162  -1.1837  -0.0722  -1.0326  -0.7652   0.5003   0.8762   0.4232  -1.5238   -0.207  -0.4157
 8 A  -0.5996  -0.2505   -0.297  -0.8327   0.2778   0.0411  -0.4369  -1.1298  -0.5422   0.0491   0.5476   0.5771  -0.1758  -0.3784   1.7669  -0.3833  -0.0617    -1.48   -0.181   -0.154
 9 A   0.5861  -0.4912  -0.8423  -0.5567  -1.0912  -0.2657  -0.6725  -0.1374  -1.1241   0.2734    0.746  -0.6472   0.4903   0.3339  -1.3654   0.0357     -0.1  -1.1727   0.2503   0.3402
