            A        R        N        D        C        Q        E        G        H        I        L        K        M        F        P        S        T        W        Y        V
 1 A  -0.4917   0.1959  -0.5121  -1.2206  -0.6344   0.1635  -0.5458  -0.5072   0.3294   0.0698   0.2167   1.1344   0.8466  -0.6935    -1.34  -0.2539   0.0403    1.021   0.7765  -0.0086
 2 A  -0.7654   0.2537   0.0791  -1.2203   -1.349   0.3726  -0.3407   -0.691  -0.0223   0.4952   0.8403   -0.494    0.193   0.5751  -0.9989  -0.1556  -0.2427   0.0718   0.6561  -0.1645
 3 A    0.197  -0.0216  -0.5946  -0.8222  -0.4307  -0.8783  -1.0802  -0.6686   0.5168   0.6074     0.81  -0.0835   0.6945  -0.3335  -0.5543  -0.3729  -0.1223   0.6458  -0.1476   0.1494
 4 A  -0.3739   0.4795  -0.7638   -1.062  -1.2971  -0.3304  -0.5093  -0.7214  -0.3918   0.8209   0.4199   0.1018   0.6214   0.7281  -1.5301  -0.7117  -0.6345  -1.0062   0.7536   0.5313
 5 A   -0.145  -0.6087   2.1182   0.1032   -1.491   0.4758  -0.2218  -0.0957   0.7218  -1.1708  -1.0861   0.2339  -1.0774  -0.9372  -0.3291   0.6976     0.25  -1.6294  -0.6611  -0.8332
 6 A  -0.5538  -0.2708  -0.2926  -0.7359  -0.6183   0.5539  -0.7105  -0.9397   0.7838   -0.327  -0.4468   0.2812  -0.3341  -0.1466    2.042  -0.1403   0.2297   -0.007   0.5363   -0.197
 7 A   0.4795   0.0708  -0.1825  -0.4353  -0.4057  -0.1622  -0.8212    0.197  -0.3643  -0.0934   0.2547   0.1484   0.1083  -0.7362  -1.2378   0.5822   0.3397  -1.5551  -1.1107   0.3153
 8 A  -0.0009  -0.7956   -0.885  -0.7553  -1.0679   -0.635  -0.6869   -0.537  -1.3806   1.2005   0.6235   -0.735   0.4835  -0.0307  -1.4712  -0.0927   0.0141  -1.3855  -0.4655   0.9358
 9 A  -0.5401  -0.1452   0.4639  -0.6963  -0.3842   0.3156  -0.2023  -0.6041  -0.2742    0.394   0.3679  -0.0357   0.2107    0.499  -0.0043  -0.3032  -0.4613   -1.164   0.4403   0.2653
