            A        R        N        D        C        Q        E        G        H        I        L        K        M        F        P        S        T        W        Y        V
 1 A   -0.791  -0.7843  -0.6178  -1.6773   0.3696  -0.5699  -1.1238  -1.4349  -0.4249   1.1309   1.3333  -0.6606   0.4015  -0.3378  -1.6765  -1.2009  -0.5723   1.1809   0.5726   0.4616
 2 A  -0.4011  -0.0866  -0.2734  -0.4421  -0.6845   1.0702  -0.0126  -0.5905   0.8056   0.1343  -0.2764   0.1966  -0.2807   0.3731  -0.2081   0.0408  -0.7413  -0.9306   1.1945   0.0523
 3 A  -0.4233   0.6413   0.9349   -0.524  -1.4457   0.8007  -0.1924  -0.6748  -0.6849  -0.2246  -0.4664   1.0573   0.2721  -0.3255  -1.2018   0.3329   0.3407  -1.3339   0.0331  -0.4764
 4 A  -0.0606  -1.3027  -1.4993   -1.644  -1.0947  -0.3089  -0.7891  -1.2493  -0.3123   0.6957   1.3251  -1.2143   1.2177   0.5809   -0.459  -0.5837  -0.5459  -1.0648   0.3421   0.3431
 5 A   0.0844  -0.0899   0.6552   -0.738  -1.2813  -0.2528  -0.8568  -0.1305  -0.3123    0.205  -0.0569     0.23  -0.2879  -0.0826   0.7052   0.1928  -0.1908   0.7438  -0.2876   0.2097
 6 A  -0.1544  -0.0258   0.5872  -0.1433  -1.2333  -0.6372   -0.461   0.0208  -1.0855   0.2757  -0.0195   0.5444   0.4354  -1.1645  -0.0272   0.0561   0.3522  -1.6344  -1.2345   0.5531
 7 A  -0.1374   0.0172   1.9406   0.0935  -1.4795   0.1584  -0.2891  -0.0564  -0.2349  -0.4271  -0.8278  -0.1297  -0.9921  -0.9178   0.9466   0.4795  -0.2986  -1.6152  -0.4227  -0.7191
 8 A   0.0897  -0.3289  -0.5012  -0.8653  -0.6317  -0.0036  -0.2802  -0.8048   0.6777  -0.3017   0.1968   0.7271  -0.0544  -0.0049   0.9527   -0.167   -0.124   0.2879   0.5012  -0.0573
 9 A   0.1466  -0.4225  -0.6245  -0.5112  -1.0853  -0.0783  -0.7245  -0.6125   -1.182   0.8286   0.6563  -0.4299   0.3234  -0.1309  -1.3469   0.5281   0.0587  -1.3497   -0.293   0.4511
