            A        R        N        D        C        Q        E        G        H        I        L        K        M        F        P        S        T        W        Y        V
 1 A  -1.6585  -2.7051  -0.9795   -2.902  -3.7409   0.0038  -2.2598  -1.5881  -0.7218  -2.5296   0.6543  -0.4496  -0.1849   2.3239  -0.8263   1.1373  -0.8968   1.9538   2.0737  -1.6219
 2 A  -2.1259   0.2061   1.0824  -0.4314  -3.7727   0.5716  -1.1056  -0.8579   -0.266   1.3156    0.265   1.3948  -0.1831   0.0637  -3.7596  -2.1816  -1.2614  -0.2794  -0.7376  -0.0741
 3 A  -0.2637   0.1789  -2.0794  -2.3078  -2.2272  -1.0533  -0.3343  -0.6392  -1.1229   0.7912  -0.2771   0.5332   0.4483    0.251  -3.7008   0.6035   0.5431     1.62   0.2594   0.6978
 4 A   0.4967  -0.1626   0.0042  -0.3424    -3.59   0.8758  -2.5419  -0.5338  -0.2749   -1.613   1.0134   0.2405   1.3076   1.0416  -3.7232  -0.0271   -1.246   -3.568  -1.2517   -0.042
 5 A  -1.1626    0.081   0.5012  -3.5098   0.1559   -0.826  -0.5736  -1.2497    1.533   0.6303   1.0786  -2.2201  -0.6282  -0.3303   0.4828   0.4851   -1.246  -3.5498   0.6651  -0.1485
 6 A   1.2069   0.1819   0.3651  -2.6683  -3.4933  -0.3963  -0.7977  -0.9107   -0.774  -1.7276   0.6344  -0.1116   -0.017  -1.4731   0.9948   1.3266   -0.833  -3.8591  -1.0472  -0.4129
 7 A  -1.2957   -0.261   1.0331  -2.6187  -3.6847  -0.3956   0.3335  -0.8455  -2.1722   0.2817   0.6737   0.3707  -0.1951  -0.9895   1.2619  -0.1006   0.5982   0.3974   -0.546  -0.3125
 8 A   0.9175   0.1429  -2.4163  -1.8557  -0.7392   0.8256  -0.7478  -1.6793  -1.5362  -2.8273   -1.402   1.4609   0.4145   0.5725   0.9377   0.9077   1.2465  -3.8032  -3.2143  -1.6629
 9 A  -0.2518  -0.4107    0.704   -2.281  -2.1875  -1.0989  -2.7125   0.1171  -0.0888   0.3668   1.0366   -3.268   0.0207  -0.7824  -3.7211   1.3457  -0.2157  -0.2829  -1.0143   0.6211
