            A        R        N        D        C        Q        E        G        H        I        L        K        M        F        P        S        T        W        Y        V
 1 A  -0.5978   -1.222   -0.212  -2.2976   0.6979  -1.3359  -2.5778   0.1077   0.5182   0.6074  -0.6179   1.6995   0.5537   -0.492  -0.4372   0.1156  -1.2491   1.0484   0.6547   0.1861
 2 A  -0.4403  -0.8311   -3.594  -2.9828   -0.458  -1.1419  -1.6766  -2.0478  -3.2335  -0.1884   0.4483    -2.35  -0.1752   1.9433  -3.8814   0.4811   0.7524   1.5145   1.9186   0.4432
 3 A  -1.3289  -2.5585   0.5647  -0.7107   0.4518   1.1873  -1.5547  -1.8044   1.1858  -0.2467   1.1452   0.4086   1.1612   0.6054  -3.8355  -1.4169  -2.0922  -3.6224  -1.2549   0.7249
 4 A  -2.6362   0.6469  -0.5946  -3.3235  -3.7562   0.4869   0.4046  -0.3758  -0.0635   0.3152   0.5792   0.7897   0.4393   -0.794   0.5688   1.0336   -1.234  -3.6056   0.6464  -1.4117
 5 A   1.3722   0.0141   0.8819  -0.4209    -3.54  -0.4002   -0.939  -0.7918  -1.5446  -0.1247  -0.7174  -0.1162   1.0463  -0.0694   0.9292   0.9787  -0.5611  -3.8913   -3.355  -1.4218
 6 A  -2.7899   0.3844   0.4872  -1.9352  -0.2331  -1.0636   0.2452  -1.1337  -3.4117    0.261   1.3021    0.231   1.3115   0.4103  -3.8918  -1.2397  -1.0804   1.6145  -0.7147   0.0983
 7 A   1.2369  -0.6049   0.7811  -2.1204   -3.485   0.3844   -1.083  -0.0342  -1.5294  -1.6468  -2.7869   0.1226  -3.2981  -3.8071   0.8719   1.6402   1.2149  -3.9806  -1.0842  -0.2875
 8 A   0.0094   0.1785   0.8841  -3.2996  -3.5317   0.4724  -1.5355  -0.8203   0.3936   0.1068   0.3127  -0.4945  -0.6778  -1.7426  -1.2723   1.3818   0.9176  -3.7691  -0.3574   0.1345
 9 A   0.3597   0.5237  -2.5566  -0.5849  -0.2319  -0.5925  -2.5528  -1.0879  -0.0829  -0.5978   0.5174   0.9476   0.4358   0.6566   1.3545     0.05  -0.1496  -3.6252  -0.0099  -1.2696
