            A        R        N        D        C        Q        E        G        H        I        L        K        M        F        P        S        T        W        Y        V
 1 A  -3.3157  -1.0637    0.426  -1.0163  -3.8483   0.4607  -1.8334  -0.4714  -0.0565  -0.3938   0.5591   1.2256   -2.773   2.2092   -3.865  -0.5273  -1.8004  -3.1006   1.2733  -0.5894
 2 A  -1.1973  -2.1584   0.1775  -1.6448  -1.1148     0.36  -0.2391  -1.1227   0.7506   0.9251   0.5713   0.4044  -0.6395   1.6254  -3.8509  -0.7652  -0.7567  -1.4894   1.2615  -0.6216
 3 A   -0.274   1.0735   0.0149   0.1237  -1.1068  -1.0117  -0.4091  -1.7502   -0.784  -0.6689   0.1919   0.9167   -1.982  -2.6638  -0.2809   0.3845  -0.0443   1.9221  -2.3423   0.8124
 4 A  -0.3387  -1.3542     0.09  -2.3113  -0.7208  -0.4389  -1.3901  -1.3941  -0.8111   1.4014   -0.086  -1.4475   2.0186  -0.1296  -3.7283   0.9201    0.866   0.6452  -3.1675   0.3414
 5 A   -2.105  -0.3884   0.8096  -2.3001   -0.756   1.0648  -2.6282  -0.3065  -3.3101   0.2906   1.1548  -0.1382   -0.175  -0.6152   1.5668  -1.8716  -0.0635  -3.6161    0.731  -0.4644
 6 A   0.9175   0.8067    0.654  -3.1458  -3.5808  -1.6115   0.3468  -0.4993  -3.1895  -3.2827    0.461   0.7961  -2.0294  -1.7922  -0.9909   1.7943  -1.9222  -3.8118  -0.3752  -1.0522
 7 A   0.8732  -0.5092    0.002   -1.602  -3.5488  -1.3451   0.1887  -0.8273   0.7404  -0.3909   0.9752  -0.5163   0.1624  -2.0632   0.5705   0.6576  -0.4564   0.3951  -0.3493  -0.5641
 8 A  -0.2079   0.7998  -1.4048  -1.6258  -1.1035   -2.937  -0.1298  -3.7308  -1.1283   -0.023    -0.69   1.0292   0.2911   0.9275   1.4457  -0.9789   1.3058  -3.6874  -0.9788   0.1834
 9 A  -0.8823  -0.0601   0.7102  -1.5904   -2.246   1.1375  -2.0825  -0.5328   0.3907   0.0553  -0.1951   0.3722   0.8803  -0.2697   -2.029   1.0423    0.286   0.0899  -3.2018   0.6771
