            A        R        N        D        C        Q        E        G        H        I        L        K        M        F        P        S        T        W        Y        V
 1 A  -3.0478  -2.5721   1.1811  -1.1257  -0.7514   0.3776  -0.3134  -0.3584   0.7581      0.1   0.0513  -0.2202   1.5575   1.0436  -3.7086   1.4344  -1.2067  -3.4755   0.2717  -0.9923
 2 A   0.0527   0.9557  -2.5287  -2.7558  -0.0306  -0.3739  -0.2084   -0.367   -0.249  -0.8174  -0.0681   1.4008  -2.9778   0.2512  -0.1372  -0.1884  -0.2477  -1.5394   1.4103  -0.1314
 3 A   0.0993  -0.0145   0.4153  -2.8913  -0.7338  -3.3291  -1.6649  -1.7865  -1.5172   0.2098    0.286  -1.6881   1.3074   1.7826  -3.8699  -0.1256  -0.5956  -3.1208   1.5336   0.6208
 4 A  -1.0502  -1.1956   0.8749   -1.912  -0.7525   1.0818  -3.0547  -2.6419   0.5198   0.1386   1.0089    1.609  -1.8372  -1.1798  -1.0321   -2.573  -0.7379   1.7267  -1.6961   0.6095
 5 A   0.3277   0.3252   0.1987  -1.6154  -3.5229   0.1558  -1.5585   -0.203  -3.3587   0.6206   0.6776   0.0384   -2.753  -0.7954  -3.6205   0.8491   0.8682  -1.6142  -0.0318  -0.2888
 6 A   0.5429  -1.3589   0.0823  -1.4154  -3.5062   0.1338  -2.6732  -3.0245  -3.5567   0.5465   0.9731  -2.2522   1.6256  -1.1841   2.1049   0.5474  -2.4216   0.6417  -3.3545  -0.3548
 7 A   0.1667  -0.8705  -0.9505  -2.7146  -1.5615  -0.2239   0.2699   0.1702  -1.5537  -0.4752   0.7332   1.3325   0.8901   0.0634  -1.0145  -0.5866    0.409  -0.7906   -0.337   -0.565
 8 A  -0.6319   0.4615   0.0417  -2.5831  -0.4563   -0.563  -0.1138   0.5298   1.1935  -1.7711  -0.0863  -0.4799  -3.0616   -1.511   -0.586   1.9643  -0.1038  -3.8969  -2.3554   0.3124
 9 A   0.1189   0.7545  -0.3119  -1.3643   -2.264  -0.2241  -1.1053   -0.825   0.7483  -0.0383  -0.0121   0.7002   0.6723   0.0457   1.0502   1.1181  -1.4316  -3.7784  -1.3126   -0.678
