            A        R        N        D        C        Q        E        G        H        I        L        K        M        F        P        S        T        W        Y        V
 1 A  -1.0659  -0.7432  -1.5335  -1.7615  -0.3879  -0.7044  -1.0177  -1.4296  -0.9705   0.3528    0.722  -1.3456   0.2837     2.01  -1.8366  -0.2905   -0.968   2.2424   1.3213   0.0772
 2 A  -0.2473  -0.4636  -0.1156   -1.271  -0.5307   0.1917  -0.5997  -0.8384   0.3383   0.7528   0.5061   0.0429   0.5582   0.6125  -1.4523  -0.2155   0.0399  -1.2007   0.0046   0.3479
 3 A  -0.2404   0.8241  -0.0747  -0.2879  -0.4378   0.6874   0.3883  -0.1388   0.4423  -1.2207  -0.8537   0.9232   0.0633  -0.5382   0.3026   0.2643  -0.3736   0.7359   0.2119  -0.7037
 4 A   0.8805  -0.7921  -0.6512  -0.6078  -0.4258  -0.8371  -0.5858  -0.4132  -0.5235   0.0226   0.5037  -0.4543   0.9068  -0.0833  -0.5562   0.6464  -0.0679  -1.2862   0.0882   0.0505
 5 A  -0.5583  -0.9647   0.2275  -0.9904   0.2206  -0.5827  -0.8566  -0.8317    0.144   0.5863   0.9389  -0.8134   0.5863   0.4011   -0.785  -0.0731  -0.2505  -0.1401   0.1703   0.4446
 6 A  -0.0124   0.0365   0.1843   0.1176   -0.551    -0.24  -0.1971   0.3803  -0.5246  -0.8891  -1.0637   0.4959  -1.0626  -1.4481   1.4002   1.0138   0.1718   0.1824  -0.5067  -0.5932
 7 A   0.2189   0.0989   0.7207  -0.4112  -1.2786   0.0738  -0.0344   0.1278  -0.3742  -0.5404  -0.5338  -0.0814    0.008   -1.262   0.7655   1.1707  -0.1274  -1.5583  -0.3192  -0.3414
 8 A  -0.1641   0.5848  -0.7328  -0.5692  -1.3807   0.0877   -0.046  -0.0506  -1.0735   0.0593   0.6309   0.5091  -0.0915   0.4545   0.2157  -0.4925   -0.563  -1.3369  -0.4923  -0.1052
 9 A   0.3357   0.0037  -0.4869  -1.0017   0.0598  -0.0107  -0.5835  -0.3773  -0.2701   0.2753   0.3059  -0.2739   0.4361  -0.1567  -1.3219   0.0168   0.6761  -1.2864   0.1071   0.4228
