            A        R        N        D        C        Q        E        G        H        I        L        K        M        F        P        S        T        W        Y        V
 1 A   -0.825  -0.8632  -0.7756  -1.5125  -0.7424    -0.25  -0.8729  -1.0072   0.5282   0.0156   0.3165    -0.51   0.4308   1.6121  -1.6625  -0.2443  -0.3583   2.1627   1.6063  -0.0373
 2 A  -0.4569    0.489   0.8937  -0.4728  -1.4009  -0.1563  -0.0844   -0.704   1.0015  -0.1812  -0.1862   0.6881  -0.3873  -0.3837  -0.5564   0.5606    0.336  -1.4714  -0.5364  -0.1686
 3 A  -0.0546  -0.0177  -0.7757  -1.2373   0.0285   0.3526  -0.4678  -0.8858   -1.092   0.6047   0.2617   0.7276   0.4494   0.2395  -0.6175   0.1474   0.0962  -0.0539  -0.4014   0.1397
 4 A     0.22  -1.0597  -1.0886  -0.6876   -1.134   0.6408   -0.646   -0.415   -0.234   0.2377   0.6713  -0.7559   1.0855   0.1094  -1.4005   0.2419  -0.1257   0.6662    0.095    0.425
 5 A   0.0636  -0.4296  -0.3341  -0.0934  -0.5917   -0.437  -0.5842  -0.9293  -0.3579   0.2396   0.7853  -0.1567  -0.3027  -0.0374  -0.0568   0.4289  -0.1538  -0.0312   0.3997    0.075
 6 A   0.5361   0.0664   0.6121  -0.7642  -1.1783  -0.2939  -0.1489   0.2698   0.7235  -0.7075  -0.7249  -0.2138  -0.5422  -1.4177   0.1935   1.3607   0.1761  -1.6618  -1.1194  -0.1833
 7 A  -0.5352   -0.024   0.0197  -0.0485  -1.4059  -0.4998  -0.0004   0.0674  -0.5796  -0.3674    0.001   -0.489  -0.2416  -0.6845   2.1176    0.176  -0.3123  -1.6554  -0.5773   0.0148
 8 A  -0.0434   0.4959  -0.1313  -0.2609  -0.7031   0.7393   0.2057  -0.4697  -0.8758  -0.5387  -0.6028   0.8147  -0.8107   0.0443   0.4141   0.8611   0.4581  -1.5109  -0.9591  -0.7502
 9 A   -0.078   -1.289   -0.355  -0.2041   -1.108  -1.0239  -0.5326  -0.3538  -1.2245   0.7178   0.8033  -0.8911   0.3265  -0.3179  -0.9216  -0.0166   0.0125  -0.0948   0.2336   0.8191
