            A        R        N        D        C        Q        E        G        H        I        L        K        M        F        P        S        T        W        Y        V
 1 A  -0.7243  -0.8361  -1.0411  -0.9719   0.1318  -0.5142  -0.7493  -1.2292  -0.5546   0.5632  -0.0107  -0.8291   0.0439   2.1754  -1.7638   -0.363  -0.7591    1.524   1.0895   0.1894
 2 A   -0.414  -0.2686   0.7135  -0.7319  -0.6669   0.3529   0.0456  -0.7982   0.6448  -0.1322   0.1785   0.0742  -0.0575   0.4443  -0.8451   0.0875  -0.0752   0.9699   0.2102   0.1435
 3 A  -0.5589   0.5231  -0.3643    -0.82  -0.6606   0.4224  -0.1974  -0.8539  -0.1384    0.339   0.1719   0.6682  -0.5236   0.4287  -0.6821   0.6669   -0.188  -0.0266   0.1578  -0.3298
 4 A     0.01  -0.0173   0.1215  -0.6934   0.3366   0.2709  -0.6716  -0.7308  -0.2472   0.0344   0.3031  -0.3943   1.2655  -0.1668   0.0489  -0.2312   0.2631  -1.3082   0.1698   0.2948
 5 A   0.5683  -0.4353  -0.7597  -1.3928  -0.1804  -0.6252  -0.7176  -0.3769  -0.7365   0.5593    0.876   0.1315   0.2615  -0.5331   -0.615   0.1042  -0.2408  -1.4578  -0.4947    0.301
 6 A   0.6325   0.0449    0.301  -0.4872  -0.4646  -0.3163  -0.2777  -0.6914   0.4917  -0.5442  -0.3323   0.2946   -0.499  -0.9155  -0.0994    1.254   0.2797  -0.2094  -0.3531   -0.389
 7 A  -0.2646  -0.0293  -0.4389  -0.0351  -1.4012  -0.2361  -0.2148  -0.3541  -0.1329  -0.4134  -0.2059  -0.0767   0.3783  -0.6067   2.1155   0.1474  -0.1523  -1.6881  -0.7183    0.101
 8 A  -0.5071   0.5527   0.3173  -0.0814  -1.5095   0.0542   0.4761   0.6415  -0.9062  -0.6251  -0.8214   0.9857  -0.3988  -0.6933  -0.3218   0.6417    0.545  -1.6299  -1.2359  -0.8429
 9 A  -0.2821  -0.7242  -0.4917  -0.7506  -1.2116   0.0611  -0.8332  -0.6513  -0.1866   0.6974    0.641  -0.8743    0.144   0.5775  -1.0013   0.3269  -0.3847   0.0805   0.5056   0.6407
