            A        R        N        D        C        Q        E        G        H        I        L        K        M        F        P        S        T        W        Y        V
 1 A  -0.7481  -1.4908  -1.6101  -1.8392   0.0274  -0.9032  -1.2416  -1.3747  -0.5062   0.4951   0.6773  -1.2262   0.4088   2.0237  -1.1826  -0.7621  -0.7519   0.2821   1.4778    0.525
 2 A  -0.5293   0.2074   0.3551  -1.2803   0.2632   0.0169  -0.8295  -1.5258  -0.1348     0.73   0.6141  -0.1154  -0.0588   0.4004  -1.5372  -0.1389  -0.1333   1.2693  -0.1699   0.2923
 3 A   0.0289   0.8514  -0.1239  -0.3207  -0.3252   0.9184   0.5528   0.1162  -0.1237  -1.0428  -0.9906   1.3676  -0.3654  -0.9432  -0.3675   0.0133  -0.5824   1.0688  -1.0485  -0.9526
 4 A     0.42  -0.7643  -0.4071  -0.5491  -0.4741  -0.3377   -0.653   0.0092    -0.11  -0.0146   0.3909  -0.7343   0.1521   0.2406  -0.6612   0.7359   0.3458   1.1671   0.0422  -0.2857
 5 A  -0.5048  -0.9492   0.3107  -0.6076  -0.0367  -0.7012  -0.7685  -0.6395    0.584   0.7054   0.7819  -0.6758   0.5383   0.4903  -1.0073  -0.1668   0.0024   -1.209   0.1909   0.1867
 6 A   0.2678  -0.0555   0.1243  -0.4337  -1.3326  -0.3365   0.1104   0.3281  -0.4824  -0.9088  -0.7557   0.0266  -0.3275   -1.461   1.7719   1.1118  -0.2633  -1.7189  -0.6428  -0.5199
 7 A   0.5502   -0.099   0.5939   -0.034  -1.2386  -0.1981  -0.0037  -0.2804  -0.3414  -0.4529  -0.0063  -0.5823  -0.1541  -0.1789   0.3081   0.5645   0.5105  -1.4639  -0.3557  -0.2603
 8 A   -0.393   0.5415  -0.3583  -0.0478  -0.7725   0.4594   0.2622  -0.7751  -0.3924  -0.5088   0.3311   0.6437  -0.5555   0.1712   0.2517   0.1099   -0.293  -0.3676  -0.3235   0.0068
 9 A   0.1767  -0.0259  -0.7719  -0.9297  -0.5345  -0.3802  -0.6771  -1.0306  -0.5721   0.5003   0.4088   0.2155   0.5538   0.0037  -0.9394  -0.0183   0.6399  -1.2591   0.2522    0.473
