            A        R        N        D        C        Q        E        G        H        I        L        K        M        F        P        S        T        W        Y        V
 1 A  -1.4156   0.0866   0.6513  -2.7669  -3.6086   0.6324  -2.1587  -3.0744  -2.9628  -0.0408   0.8918  -1.5656     0.42   1.9332   -3.824   0.1878  -0.5174  -2.8844   1.9714   -0.648
 2 A  -1.0864  -0.2018   0.9775  -3.1808  -0.6841  -1.9628  -0.8282  -2.1436    1.297  -0.2013   -0.796   2.0769   0.5068   0.0726  -3.5367  -0.0102   0.1225   1.8282   1.2168  -3.1506
 3 A  -0.0983   0.4024  -1.9686  -0.6232  -1.4511  -2.2205  -1.0799   0.6073  -1.4955  -1.0111   0.6158  -0.1352   -1.821   0.6286  -3.6276   0.6905   0.1323  -0.1761  -0.0671   0.9452
 4 A  -1.5827  -0.2148   0.7728  -1.9088  -3.4214   0.0907  -2.2184  -2.2842   -0.199   0.8088   1.5943  -2.6496   1.1052  -0.6281  -3.8595  -1.1697  -1.9846  -3.4691    0.336   1.1074
 5 A  -0.2357  -0.0814  -3.1792  -2.2146   0.6799    1.032  -1.7305   0.3727  -3.1908   0.2432  -0.0109  -0.2138   0.7622  -0.8665    0.194   1.2727  -0.4831   0.7516   0.9866  -0.6711
 6 A   1.3171  -0.2805   1.4715  -2.5297   0.0808  -2.1389   -2.049  -2.3326  -0.1843   0.1161  -0.1856   0.3976  -2.9213   -1.414    0.672   0.8139   0.1507   0.1757  -3.3115  -0.3091
 7 A   -0.354  -0.1644   1.0714  -3.2434  -3.5972   0.8214  -0.2266  -1.1402    0.613   0.2637   0.7704   0.3989   0.5413   0.5519  -0.0535  -0.9149   0.0354  -1.5292  -2.9813  -0.4647
 8 A  -0.1656   0.6654   0.2081  -1.0557  -2.1503  -1.2388  -0.4488  -0.9744   0.4815  -0.8372  -0.3547  -0.9104   0.6376  -0.7528    1.357   1.0633   1.0499  -0.2027  -1.6644   0.1485
 9 A   -1.862   0.2924  -0.1932  -1.2495   -3.574  -0.1301  -1.6617   0.3259   1.3592  -0.8605  -0.1991   0.9651  -2.9484  -0.9363  -1.1702   1.4428   1.1381  -3.6893  -0.6647   0.0151
