            A        R        N        D        C        Q        E        G        H        I        L        K        M        F        P        S        T        W        Y        V
 1 A  -2.5795   0.5554   0.0489  -2.6775  -2.1213  -0.4458  -1.4362  -1.6408  -1.3388    -0.48   0.8153   0.6893  -0.2324   1.4773  -3.6735   0.4597  -0.5803  -0.0597   1.4769   0.2334
 2 A  -1.6825   0.9138   1.0483  -0.4999   0.1223   0.0786  -0.3643   0.0943   0.5752  -0.4899  -0.7361   0.6541  -1.3221   1.1504  -2.4915    0.598  -1.3192  -0.5955   0.8348  -1.1835
 3 A   0.0917  -0.3576  -1.2539  -0.5574    0.488  -0.6721   -1.434  -3.5597   0.3945   0.3588   0.7016  -0.6152   1.1444  -1.8852  -3.5475   0.2868    1.322    1.995  -3.0223   0.4246
 4 A   0.0725  -2.0062  -3.5695  -2.8464  -2.0482   0.8695  -2.0906  -1.9036  -3.2683    0.391   1.5246   0.5016   1.1672   0.0862  -1.9273  -2.1028  -1.1155   0.2902   1.0691    0.488
 5 A  -2.8618   1.0983  -0.1622  -3.2864   0.3163   0.1988  -0.8079  -0.4743   -1.963   0.7617   0.2422  -0.1227  -0.0469  -2.9611  -0.1172   1.3374  -0.0685   0.2755    1.125  -0.8064
 6 A   1.4078   0.5686   0.1701  -1.4566  -3.4111   -0.413  -2.8958  -2.3037   0.7988  -1.2057   -0.783     0.99   1.2076   0.6766   0.5727   0.3031  -1.2813  -3.5982   -2.915  -0.0372
 7 A  -0.2653  -0.8066   1.3314  -2.0036  -3.4743  -2.9679   0.3379   0.5454  -0.3524   0.1367   1.0393  -3.0493  -0.8201  -0.8459   1.1508   0.4199  -0.1876  -3.7529  -3.2701  -0.8211
 8 A  -0.5002  -0.3111  -2.9341  -1.2077  -3.3722   1.1093  -1.3345   -1.797   0.4064  -0.1491   0.2364   0.4741  -1.2282  -0.6801   0.0355   1.2475   1.6722  -3.7017  -3.1422   0.1783
 9 A   0.7903    0.353   0.8171  -1.6706  -3.4592  -1.9996  -1.3569  -0.1711   1.3549   0.0955  -0.9256   0.7043  -2.9766  -0.8821   0.2764   1.1362   0.3732  -3.7025  -1.1789  -0.7432
