            A        R        N        D        C        Q        E        G        H        I        L        K        M        F        P        S        T        W        Y        V
 1 A  -1.9747  -2.4796   1.4909  -1.4229  -3.7355  -1.2205  -0.2945  -0.0604   1.2046   -1.639   0.0366  -0.2836   0.2838   1.5126  -1.9353   0.3943  -2.3946    1.055   2.1748  -1.1912
 2 A  -0.2737  -0.1909  -0.4419   0.1915  -0.3072  -0.4281  -1.3567  -2.4362  -1.4069    0.145   0.3575   1.4793  -2.6674    0.209  -2.4572   0.6459   0.0165  -3.5398  -0.1892   0.5828
 3 A  -2.6439   0.1244  -1.3508  -3.8353  -0.5804  -3.3129  -2.2412  -3.1537   0.6608   0.9305   1.1418  -2.6639   0.9682   1.7526  -3.8598   -0.404  -0.1105  -3.0838   0.7618   0.6655
 4 A  -0.9997  -0.2115  -1.2714  -1.8156  -1.4053   1.5006  -2.9802  -0.1458  -1.4212   0.2863   1.0906    0.683  -0.0168  -2.3364  -1.4795   0.2554  -0.7327   1.5131  -0.3881   0.4519
 5 A   0.7794   1.2262  -0.7804   -3.257  -2.0813  -1.5026  -0.2708  -0.5589  -0.1185  -1.3663   0.2179   0.7545  -0.8626   -0.365  -1.4343   1.0368  -0.2958  -3.5539  -0.1966   0.3191
 6 A   1.2364  -3.3376   1.2708  -2.1094  -3.3028  -0.2952  -3.2087  -0.1904  -0.3692   0.5916     0.97  -2.5528   1.3005  -1.0408   0.3618    0.284  -0.8806  -3.7159  -3.2279   -1.019
 7 A  -2.2078   0.5503   0.3392  -2.0652  -0.3194   0.6278    0.349  -1.4346  -1.3812   0.3173   0.1935   0.4661   0.4501  -0.2215   1.1995  -0.5831   0.2654    -3.55   0.1225   0.1661
 8 A  -0.0756   0.0278   0.4655  -1.6342  -3.4612    0.732  -1.8267  -0.5284   -0.337  -1.1625  -1.4388   1.1138  -1.3735  -3.7357   0.9621   2.0752   0.8285  -3.9061  -3.4314  -1.0522
 9 A   0.8127  -0.3633   0.5093  -1.0187  -0.5811  -2.9811  -1.2057   0.1586   0.2372  -1.3786   0.9468  -0.3739   -1.247  -0.8581   0.9505   0.4217   0.4242   0.5469  -2.1915  -0.9861
