            A        R        N        D        C        Q        E        G        H        I        L        K        M        F        P        S        T        W        Y        V
 1 A  -2.6567  -1.3777  -3.4111  -3.6463   0.4043   0.4598  -1.4888  -1.9653  -2.0065   0.8363   0.4717   1.4171   -0.548   1.4554   -1.217   0.1876  -1.4057     0.25   1.8492  -0.7325
 2 A  -1.1806   0.1003   1.1367  -0.4376  -1.0014   -1.246  -0.2257  -0.7338   1.0427  -1.2273  -0.0087  -2.0654   0.9702   0.2508  -1.9431   1.0219   0.6979    0.506   0.0952   0.3688
 3 A   0.2964   0.2745   0.1789  -1.1136  -0.9936  -0.7293  -1.2704   -1.915  -2.1565   0.8842   1.2396   0.7739  -1.1891   0.4993   -3.699  -0.7911  -0.8015   1.7137  -2.9408  -0.8128
 4 A   -0.852   0.8251  -0.5444  -3.7056  -3.5813   -0.529  -2.1897  -0.7799    1.289   0.2339   0.6509  -1.8049     1.93    1.411  -1.5748  -1.8288  -0.3989   0.5295   0.8771  -0.0576
 5 A   0.5074    0.965  -1.2884   -1.082  -2.1621  -0.1151   -0.993  -0.9798  -3.2591  -1.4004   0.6696   1.7119  -1.8502  -2.0589   0.2066  -0.3745   0.1349  -3.7476  -0.6977    0.268
 6 A   0.6421  -0.4022   1.8492  -2.0021  -0.9889  -2.0943   0.1382  -0.5978  -0.3781  -1.2527   0.8666  -0.7785  -0.3294  -3.1566  -3.5091   1.2176  -1.3101  -3.6144   0.4337   -0.495
 7 A   0.2646  -1.4554   0.4546  -0.8788  -3.5266   1.6373  -1.0042   -0.622  -3.2849  -0.2351   0.3284  -2.9553   0.5246  -2.6452   2.3109    0.233   0.3005  -3.9508  -2.3713  -0.4862
 8 A   0.2769  -0.9463    0.215  -1.7568  -2.1144   0.4783   -1.003  -1.0956  -1.0182   0.5691  -0.2186   1.0464  -1.3102  -0.9255  -1.8845   1.1863    1.267  -3.7384   -1.268  -0.0658
 9 A   0.6076  -0.1832    -0.49  -1.4956   -2.106  -1.6184   0.0532   -0.515   1.3585  -0.2855   0.5155  -0.7883  -2.7358  -0.4171  -3.4964   1.3825   0.2349  -0.7129  -2.1623    0.481
