            A        R        N        D        C        Q        E        G        H        I        L        K        M        F        P        S        T        W        Y        V
 1 A  -2.1367  -0.7944  -0.4036  -2.5241    0.719  -0.4694  -0.9294  -0.9246    -1.74  -0.8753   0.6406   0.5788   -1.489   1.5949  -2.7285  -2.0981  -0.4937    3.038    2.142  -0.9957
 2 A  -1.3505   0.4345   0.0378  -0.7644   -0.869   0.1186   0.4829  -1.6763  -2.0019   1.0308  -0.9197   1.7809  -1.6833  -0.8042  -0.5514  -0.1901   0.6526   0.6743  -2.0734  -0.3662
 3 A   0.2381   0.3204  -0.0274  -2.2884  -2.2158   0.2933  -1.9598  -0.5351  -2.1927   1.1792  -0.3693   0.4973   0.6935   0.2256  -2.3972    0.003   0.3398  -0.1547  -1.8909   0.6886
 4 A  -0.0561  -2.2608   -2.229  -1.5343  -2.1368  -1.0582  -0.5677  -0.3225   0.2581  -0.5343   1.6127  -1.4657    0.779   0.6774  -2.5079   0.8391  -1.1067  -2.3088  -1.7073    0.556
 5 A  -0.4005  -0.3642  -0.2647   -0.865  -2.2968  -0.3752  -1.8413   0.2623  -0.1581   0.3342   0.3582   0.8741  -1.5711  -2.1042   0.7034   0.7748   0.5159   -2.556  -0.4216   0.1263
 6 A  -0.3597   0.0705  -2.0572   -2.372  -0.7303  -1.8846  -2.0936  -0.8149  -2.3039   0.0044   0.9027  -0.5395   1.5387  -0.2861  -0.1426   1.6184  -0.2701  -2.4876  -2.0056   0.6549
 7 A  -1.4689   1.3983   2.3129  -1.5809  -2.7136   0.1318   0.1302  -1.5514  -1.6188  -1.1531  -0.5014   0.9575  -0.8096  -2.3507   1.2241  -1.5418  -0.3721  -2.5901  -0.0056  -0.8707
 8 A  -0.4452   0.3812  -1.9345  -1.3336   0.3737   0.6055    0.101  -0.8211   -0.806  -1.8804   0.6803   1.1097   0.6606  -0.3876   1.4945   0.2021   0.3172  -2.5861  -2.0759  -1.9078
 9 A   1.2215  -2.2611   -0.321  -2.2519  -2.0307  -1.9946  -2.0874  -0.7194   -0.862   0.6156   0.4866  -2.0324  -0.5662  -1.1535   0.7092   1.4361  -0.0122  -2.4556   0.0361   0.1987
