            A        R        N        D        C        Q        E        G        H        I        L        K        M        F        P        S        T        W        Y        V
 1 A  -1.0657   0.0595   0.0361  -1.2834    -0.92   0.6453    0.139  -1.2121   1.7263  -0.0364  -0.7447   1.8348   0.3091  -0.6146  -2.3574  -1.7956  -1.9055   0.7347   1.2759  -0.1112
 2 A   0.1931  -2.4901  -2.4681  -2.7119  -2.2059  -0.5833  -2.4202  -1.7951   0.2623   1.6423   0.1324  -2.3846   0.4419   2.0104   -2.671  -0.0924   -0.403   1.6406  -0.4773    0.171
 3 A  -0.0921  -1.0314   0.9511  -0.7938    -2.35   1.7605  -0.0868  -1.1837  -0.7712  -0.4274   0.9851   0.8953  -1.3453  -2.1081  -2.3742  -1.7247  -1.1335  -2.6126  -2.1523   0.8949
 4 A   0.1712    0.913  -1.0751  -2.0925   -2.273  -0.9003  -1.2371   0.5608  -2.0727  -1.0407  -0.2906  -0.7283  -1.8141    0.395   1.2318   1.7643  -0.0216  -2.4827  -0.9519  -0.5211
 5 A    0.466   0.1418  -0.7563  -2.3839  -0.7771  -0.3771  -1.2988  -1.2031   -2.152  -0.4482     1.08   0.8718   1.6864  -0.2617  -0.1457  -1.6954   0.6377  -2.3488  -0.3533  -0.3322
 6 A  -0.9951   1.3662   0.6573  -2.0081   0.7305   -1.545   0.0593  -1.1816   0.6852  -0.2117   0.3408   0.4109  -1.6306  -0.0095   -0.147   0.6307   -0.696  -2.3058   0.4102  -0.7131
 7 A  -0.2072   0.7115   0.3159  -0.7396  -2.4269   0.3904  -0.0756  -2.1751   0.6821   0.0723  -2.1198   0.9299  -0.1669  -1.4031   0.9112   1.2005    0.534   0.6752  -0.9673  -0.7396
 8 A  -0.2533   0.0756  -0.3435  -1.4319  -2.3582  -1.8887  -0.8772   0.3874   -0.887    -0.14    1.146  -0.0384  -0.5633  -0.7288   2.0786  -0.0349  -1.1811   -2.656  -2.1634  -0.9158
 9 A  -1.7467  -1.9125  -0.3202  -0.9008   -2.261   0.2852  -1.2587  -2.5065  -2.0814    1.452   0.2587   0.6075   0.0194  -0.5899   0.4614   0.9594  -0.0565  -2.3141   0.6502   0.3796
