            A        R        N        D        C        Q        E        G        H        I        L        K        M        F        P        S        T        W        Y        V
 1 A   -1.889  -0.9274  -0.3691  -2.4449  -0.8509    -2.12  -1.4831  -1.7731   -0.641   0.1973   0.1218  -1.4865  -0.0279   2.2736  -2.6346   1.2898  -1.7751  -1.4399   2.3018  -0.6255
 2 A  -1.9356   0.5051   0.6666  -0.4007  -0.1664   1.1923   0.1849  -2.3989  -1.8654   0.5049   0.3235   2.2743  -1.6124  -2.3806  -2.2608  -0.7838  -1.1693  -2.6857  -2.2697  -1.7797
 3 A   0.7143   0.2753     -0.7  -2.3142  -2.1254   -1.835   -2.032   -1.121  -0.1877   0.1032  -0.2869  -0.5258   1.1394    -1.18  -2.3427   1.1748   0.5298   2.1494  -0.8948   0.9042
 4 A   0.6554   0.1538  -0.3462  -2.3179  -2.3557   1.3974  -1.7668  -1.6699   0.6516  -0.1248   0.9132   0.7627  -1.3772    0.635  -1.2454  -1.7482  -0.4228   0.7022  -0.2447  -0.3947
 5 A  -1.8501   0.2623  -0.8102  -2.5372  -0.7868  -0.0723  -1.4457  -0.1699  -0.9029   0.7198   1.0334  -0.3051   0.4499  -0.5824   -1.317  -1.3705      0.1  -2.3461   0.0529   1.3069
 6 A   1.1269   0.2836  -0.7037   -2.257   -0.757  -1.7964  -1.3119  -0.4757  -0.1868   0.0299   0.6326  -0.2465   0.9296  -0.7266   0.1951   1.1747  -1.0346  -0.1854  -2.0297   -0.591
 7 A  -0.7232   0.3576   0.9552  -1.8951  -2.5256    -0.31   0.2612   0.0895  -1.8803  -0.4976  -0.1355   0.9956  -0.1343    0.595   0.8837  -0.4227   0.7678   -2.333   0.0753   -1.928
 8 A  -0.4115   0.3601   -1.763  -1.8837  -0.1359   0.8207   0.7588  -0.7891    0.945  -2.2749  -0.2056   0.5499  -1.8824   -0.403   1.6028   1.1784   0.1392  -2.4585   0.0587  -2.1717
 9 A   0.1448   0.2894   0.0297  -0.8439  -2.2122  -1.7451  -1.8525  -1.5315  -0.1745  -0.3788    0.021  -0.4755   0.6331  -2.2878   1.7094   1.6307    0.382  -2.7517  -2.2362   0.0846
