            A        R        N        D        C        Q        E        G        H        I        L        K        M        F        P        S        T        W        Y        V
 1 A  -0.8224  -0.9291  -2.1375  -2.4133  -2.7459   0.5703  -1.7768  -0.8711  -1.7671  -1.5232  -1.2397    1.964   0.2782   1.6289  -1.2997  -1.3317  -1.3306   3.5412   1.4988  -1.5846
 2 A  -0.4601  -0.1121  -0.0291  -2.1269  -2.2453  -0.8733   0.2249  -2.5136   0.6201   1.4552  -0.3686   0.7453  -0.0077  -1.2367   -2.383  -0.2346   0.6527  -2.5889  -2.0167   1.0432
 3 A   0.0823   0.2912  -0.3007  -1.4347  -2.2923   0.7565   -1.891  -0.0972    1.154    0.692   0.2195  -0.8093   1.5061  -0.3004  -1.2425   0.4896  -0.1006  -2.3614  -0.3195  -0.3383
 4 A  -0.7101  -2.1551  -1.3023  -0.9791   -2.244  -1.9968  -0.9331  -0.1351   0.2578   0.4247   1.2431  -0.1207   1.1942   0.8189  -0.6348   0.4456  -0.3911  -2.2773  -0.8095   0.0443
 5 A   0.6996   0.6508   0.4489  -2.1639     -0.8  -0.9109  -1.9209  -0.0584  -2.0519  -0.6122   0.7505   0.5045  -1.5375  -0.0364   -0.143   0.9824   -1.067  -2.4284  -0.3774  -0.4464
 6 A  -0.0367   1.1382   1.2143  -1.9626  -2.2587  -1.6806  -1.2453  -2.1582  -1.9931  -0.9109   0.5117  -1.0915  -0.6403  -0.3609  -0.5733   1.5671     0.69   1.2013  -1.9677  -0.2633
 7 A  -1.4041   1.2611   0.9459  -1.8139  -2.6254   0.6122   0.8702  -2.4273  -0.1136  -1.9529   0.0655  -0.1018  -1.8422  -2.5263    2.487  -0.7898  -1.1749  -2.8562  -2.2924   0.1316
 8 A  -1.3137  -0.6508  -1.9992  -1.4067  -2.3679   1.1219  -0.7324  -0.8619  -2.1552   0.6871   0.9151    1.169  -1.3816  -0.0448   0.8813   0.7346  -0.0973   -2.537  -2.0072  -0.8213
 9 A   0.9594  -2.1635  -0.3829  -2.4324  -2.1017  -0.0776  -2.1258  -0.5311  -0.1768    0.561   0.6063   -0.616   0.7114  -0.2267  -2.4108  -0.0073  -0.0889  -2.2338   0.6583   0.9406
