            A        R        N        D        C        Q        E        G        H        I        L        K        M        F        P        S        T        W        Y        V
 1 A   -0.625   1.7041  -0.7389  -1.1811  -1.1991  -0.3385  -0.7947   0.8043  -0.8296   0.5346   0.4782   0.0444  -0.0904  -0.7597  -1.2821  -0.6975  -0.6733  -1.2265  -0.9654  -0.1341
 2 A  -0.6871  -1.4852  -1.7134  -1.8285    2.219  -1.3666  -1.6627  -1.7807   -1.613   1.4125    1.295  -1.4071   0.4862  -0.2187   -1.507  -1.1438  -0.5897  -1.2217  -0.8182   0.6125
 3 A   -0.174   1.0158   1.2009  -0.3449  -0.9894  -0.1824  -0.3792  -0.6691   -0.461   0.3131  -0.6973   -0.034  -0.5085  -1.0639  -0.8893   1.2638    0.065     -1.4  -0.9621  -0.3076
 4 A   0.6609  -0.6224   1.1855  -0.3721  -0.6845  -0.3697  -0.4867   -0.546  -0.6789  -0.7028  -0.9014  -0.4169  -0.6207   -1.197  -0.6663   0.4917   1.9698  -1.3468  -0.9967  -0.3523
 5 A  -0.9906  -1.3403  -1.6693  -1.8768  -0.9517  -1.3953  -1.5643  -1.8007  -1.1311   0.3653   1.5769  -1.4593   0.5642    2.113  -1.7229  -1.3151   -0.867  -0.3494   0.5007    0.016
 6 A   0.5965  -0.2717  -0.4099  -0.7441  -1.1966  -0.2267  -0.3645    0.976   1.8234  -1.4077  -1.3807   0.7408  -0.9894  -1.3921   1.6671  -0.1589   -0.596  -1.4219  -0.5775  -1.1325
 7 A   0.0462  -0.9113  -0.4491  -0.8259  -0.7334  -0.6378  -0.7457   0.9439     -1.0  -0.0354   0.3846  -0.6962  -0.1461  -0.7742  -0.9502   1.2024   0.0058  -1.3056  -0.9621   0.4889
 8 A  -0.3607   1.3668   1.2371  -0.2453  -1.3903   0.2759   0.0201   -0.672  -0.2829  -1.4903  -1.3737   1.5923  -0.8791  -1.5396  -0.7584   0.7598  -0.1646  -1.4385  -1.0202  -1.2521
 9 A  -0.4165  -1.2904  -1.0983  -1.2955   2.1925  -0.9782  -1.2348   0.8242   -1.241   0.5585  -0.1134  -1.0148    1.215  -0.8398   1.6024  -0.6438  -0.5936   -1.433  -1.1003   -0.048
