            A        R        N        D        C        Q        E        G        H        I        L        K        M        F        P        S        T        W        Y        V
 1 A  -0.4286  -0.5342  -0.9475  -1.2117  -0.9271  -0.6329  -0.8877   0.8086  -1.1956   0.8837   0.6263   0.5757    0.082  -0.6099  -1.1964   -0.719  -0.5204  -1.2705  -0.9157   0.7843
 2 A   0.5101   0.0833  -0.7489  -0.9921  -1.0701  -0.1059  -0.3405   -0.922  -0.3132  -0.5126   0.3253   1.3836  -0.2089  -0.0921  -0.8766  -0.3146  -0.5302  -0.4638   1.4503  -0.5075
 3 A  -0.5334  -1.3507   -1.675  -1.8007  -0.6339  -1.2221  -1.4777  -1.8273  -1.6288   1.3109   1.3252  -1.3091   0.5613  -0.1738  -1.4685  -1.1428  -0.4231  -1.1746  -0.6996   1.4364
 4 A   1.2126  -0.0139  -0.4314  -0.6526   -0.784   1.2177   0.0123  -0.4906  -0.5865   -0.922  -0.9632   0.8981  -0.5722  -1.3861  -0.6088   0.2737    0.881  -1.3364  -0.9299  -0.5106
 5 A   -0.848  -0.3738  -1.1162  -1.3792  -1.2695  -0.3901  -0.7582  -1.3205  -0.7532  -0.3455    0.022    0.603   1.9651  -0.1227  -1.4895  -0.8472  -0.7347    4.054   0.2245  -0.5028
 6 A     0.59  -0.3248  -0.9729  -1.1744  -0.7263  -0.2744  -0.6119  -0.9813  -0.8874   0.2484   0.2289   0.6774   2.0154   -0.585  -0.9904  -0.3375   -0.328  -1.1289  -0.7381   0.6885
 7 A  -0.6577  -0.2337   1.8917    0.198  -1.6011   1.2847   1.0752  -0.7188  -0.0989  -1.6208  -1.5458   0.0119  -1.0281   -1.662   1.6549  -0.0642  -0.3707  -1.6098  -1.0842  -1.3787
 8 A   0.5472   1.3583   -0.371  -0.3181  -1.3219   0.4192   1.0669  -0.7807   -0.415  -1.3525  -1.2225   1.6105  -0.8119  -1.5513  -0.6949   -0.077  -0.4543  -1.3732   -1.005  -1.0029
 9 A   1.1186  -0.7935  -0.3718   1.0172  -0.8576  -0.4383  -0.2453  -0.6051   1.8132  -0.5715   0.2607  -0.6122   -0.306  -0.8247  -0.8716  -0.0934  -0.4958  -1.2655   -0.458  -0.4884
