            A        R        N        D        C        Q        E        G        H        I        L        K        M        F        P        S        T        W        Y        V
 1 A   -0.245  -1.0449  -0.4944  -0.4805  -1.2695   -0.449   0.6917    2.192  -0.9027   0.2271  -0.8844  -0.6456  -0.7933  -1.2141  -1.1155  -0.3949   -0.733  -1.3468  -1.3119  -0.4889
 2 A  -0.6256  -0.1763  -0.6826  -0.1946  -1.2746   0.2075   1.5632  -1.3654  -0.6224   0.5516   0.4695   0.8332  -0.0802   -0.782  -0.9621  -0.5298  -0.5624  -1.2655  -0.8876   -0.098
 3 A  -0.2928  -0.2163  -0.6256  -0.8988   2.1784   1.1082  -0.2876   0.8727  -0.8133  -0.3793  -0.7682   0.7573  -0.5315  -1.3095  -1.0347  -0.3936  -0.4863  -1.4274  -1.0842   0.3378
 4 A   0.4679   1.1406  -0.7008  -1.0627  -1.2541  -0.1017  -0.4091  -0.9686   0.1164  -1.0182  -0.9019   0.9018  -0.6522   0.3167  -0.9648  -0.3263  -0.6095   0.0445   2.2946  -0.8026
 5 A  -0.5178  -1.1827  -1.2383  -1.4958  -0.6573  -1.0318  -1.2714  -1.6057   -1.461   1.1229   1.2532  -1.1041   0.4724  -0.2528  -1.2721  -0.6278    0.809  -1.1561  -0.7381   1.0011
 6 A   1.5992  -0.5575  -0.8469  -0.9456  -0.5882   1.0784  -0.2536  -0.4262  -0.7428  -0.4356   0.3488  -0.3252  -0.1378  -0.9193   -0.732    0.123  -0.2961  -1.2655   -0.857  -0.2223
 7 A  -0.5433  -0.5019   -0.695  -1.0658  -1.5722  -0.5932  -0.8007    1.684  -0.8461  -1.5431  -1.3772   0.5883  -1.0611  -0.5858  -1.3857  -0.6112  -0.9305   4.0475   0.0207   -1.473
 8 A  -0.2813  -0.8998   -0.959  -1.2559  -0.6657  -0.5885   -0.939  -1.2458  -1.0103   0.4753   0.9339  -0.8176   2.0984  -0.2892  -1.1854     0.48  -0.1676  -1.0544  -0.6701   0.7691
 9 A  -0.3133  -0.0695   1.1949   0.0153  -1.3543   0.1633   1.0052  -0.7005  -0.3507  -1.5238  -1.4955   0.8962  -1.0412  -1.5969   1.6842   0.7626  -0.1741  -1.6098   -1.111  -1.2652
