            A        R        N        D        C        Q        E        G        H        I        L        K        M        F        P        S        T        W        Y        V
 1 A  -0.6469   0.0707  -0.8859  -1.1272   -1.039  -0.1324  -0.4729  -1.3469  -0.8536   0.0735   1.1595   1.3581   1.4577  -0.4284  -1.0788  -0.6831  -0.5631  -1.1066  -0.7423  -0.1699
 2 A   0.0151   0.1718  -0.2265  -0.5541   -0.919   0.0487  -0.1126  -0.7135   -0.674  -0.3953  -0.8311   1.4412  -0.5222   -1.226  -0.6838   1.2649   0.0884  -1.4164  -0.9379   0.3381
 3 A  -0.6743  -0.9655   1.0162  -0.7391  -0.9788   -0.743   -0.938  -1.1937  -0.3573   1.1615  -0.0939  -0.8176   -0.132   0.0398  -1.1823  -0.3375    0.812  -0.4838   1.4512   0.3375
 4 A   0.5197  -0.4021  -1.0324  -1.1369   -0.889  -0.4738   -0.634  -0.9964  -1.0333  -0.1655   0.9736   0.6589    0.078   -0.671   1.6462  -0.4141  -0.5159  -1.3573  -0.9047  -0.2785
 5 A   1.1661  -0.2277   1.0777  -0.4397   -0.925  -0.2066  -0.2967  -0.4078  -0.5681  -1.1779  -1.2187    0.792  -0.9069  -1.5021   1.6925   0.1312   -0.291  -1.6036  -1.0949  -0.7874
 6 A  -0.8293  -1.2337  -1.1901  -1.5282  -1.3571   -1.061   -1.304   0.8174  -0.8685  -0.5938  -0.2637  -1.2227   1.1796   1.3623  -1.7924  -0.9602  -0.9689   4.0652     0.59  -0.7629
 7 A  -0.6046  -0.5372   1.8416   0.0133  -1.1532  -0.0569    0.853  -0.8729  -0.3119  -0.1449  -0.3246  -0.3514   1.1876  -0.8948  -1.0919  -0.2236  -0.2903   -1.326  -0.8985   0.4178
 8 A  -0.4305  -0.1441  -0.7086  -0.7921  -1.2389   1.1453  -0.1142  -1.1386  -0.7394   -0.442  -0.8676   0.8332  -0.6125  -1.4687   2.5279  -0.4197  -0.4422  -1.6871  -1.0355   0.2811
 9 A   1.5777  -0.7514  -0.6769   -0.998  -0.7246  -0.4245  -0.5232  -0.4232   1.9058   -0.905   -0.908  -0.5733  -0.6422  -0.1667  -0.7665   0.0926  -0.4301  -0.4385   1.5546  -0.5143
