            A        R        N        D        C        Q        E        G        H        I        L        K        M        F        P        S        T        W        Y        V
 1 A  -1.0635  -3.2633   0.3954  -1.9585  -0.5012  -0.2943  -1.1942  -1.2686  -3.2227  -1.0597   0.9474   0.5383   -0.217    1.159  -2.0996   0.9256   0.3776   2.1607   1.3375  -1.4471
 2 A  -0.5697  -0.2068  -2.6814  -1.0732  -1.6132   -0.296  -1.0271  -0.6923   0.7055   1.5221  -0.7938   0.7341   1.3376   1.7338  -0.4863  -0.8037  -2.5898   0.3838  -0.6684  -0.6228
 3 A   0.1251   0.1271  -0.8455  -2.4463  -0.4831  -1.8478  -3.5026  -2.3442  -0.3275   0.4431   0.5773  -0.1025   0.6657   0.2302  -2.7384  -0.4342   0.3763   2.3043   0.2358    1.087
 4 A  -0.9173   0.0759   0.8526  -1.3674  -3.6427   0.1382  -0.3419  -0.8669   0.9091   0.4034   0.4952   0.2178   1.1154   -2.129  -3.6665   1.2518  -0.1542  -3.8271    -1.06  -0.0677
 5 A   0.0309  -2.2294   1.0045   -2.625  -0.5003  -1.0912  -0.0772   0.2534   1.3692   -0.872   0.1466  -1.2492  -1.4932   0.1784   1.7615   1.0514  -0.3688  -3.9101   -3.216  -0.6446
 6 A   1.1164   -3.329  -1.1811  -0.2687  -1.5525  -3.1664  -1.0064  -0.4623  -3.4187   0.0168   0.8501    0.377  -2.8044   0.1302  -2.0345   1.1929   0.3905  -3.5915   0.6182  -0.8712
 7 A   -2.676   0.9879   1.0496  -1.1785  -1.6128   0.1273  -0.4609  -0.1788   -0.309  -0.6021   0.6874   -1.372   -0.712  -2.6865   1.1729   0.6189  -0.2675   0.8178  -2.4181   0.4748
 8 A   0.4225   0.5107   1.0974  -1.5994  -3.7001  -0.7935  -1.1291  -1.7465  -3.3169  -0.7367  -0.5456   1.4774  -0.0704  -0.1004   1.0719  -0.5896   0.8291  -1.6904  -1.8006   0.1369
 9 A  -0.7059  -3.5286  -0.6603  -2.9019  -3.4392   0.3161  -3.4427  -1.1373   0.1967   1.0809    1.542  -2.3373   0.5788  -2.4483  -1.6659   1.4227   -0.061  -1.6717  -1.7894   0.2115
