            A        R        N        D        C        Q        E        G        H        I        L        K        M        F        P        S        T        W        Y        V
 1 A  -1.1776  -0.2669   0.3411  -0.7157   0.7838   0.8559  -2.5107  -1.1138   0.7285   0.3484   0.2171   1.0752  -2.8851   0.8144  -2.6685   0.7666  -0.8992  -3.4991   0.7312  -0.5974
 2 A   -3.131   0.2322   0.8054  -0.4537  -2.3237   0.2487  -1.1409  -0.6564   0.0868  -0.3527  -1.5698   0.1548   1.7479    1.524   -1.655   1.0522  -0.0664   1.0319  -0.1331  -0.2216
 3 A  -0.2268   0.6539  -0.5103  -2.9238  -3.5337  -2.3709  -3.4592  -3.7888  -2.2474   0.3941   1.2781  -0.4445  -0.6233   1.0747  -3.8117   1.1846   -0.475   0.3917   0.2469   0.1397
 4 A   -2.755  -0.6401   0.6745   -1.644  -1.1277   0.7821  -0.4544  -2.6981   0.9188   0.8438   0.1764   0.2125   1.9053  -2.4262  -3.8262  -0.3292  -0.2676   1.9052   0.4474   0.5965
 5 A   1.2978  -0.7649  -0.1255  -2.6986  -3.6112  -1.0458   0.3112   0.0404   0.3616   -0.443   0.7725   0.9248  -1.0243  -3.5134   1.2386  -2.3852   0.1702  -3.9343  -1.4113   -1.604
 6 A   1.1515  -1.3914   0.4053  -0.5946  -3.4263  -3.2955  -1.9089  -0.8387  -3.5257   0.7653   0.4775  -1.9655   -1.375  -0.1578  -1.0411   1.0974   0.2673   0.6222  -0.7764   0.3893
 7 A  -1.0407  -0.5514  -2.1311  -0.7378  -1.1177  -0.4551  -0.3657   0.1313   0.5961   0.7324   0.4172  -0.6729   0.9575   -1.232   1.7328  -0.3313  -1.0821  -3.9381   -2.384   0.8458
 8 A  -1.0037    0.173   1.3276  -3.1871  -0.4863  -1.0395  -2.5147  -1.2063  -0.2894  -0.8856  -0.1589   0.7644  -1.4866   0.0981   0.4721   1.4815   1.7933  -3.8595  -2.3438  -3.1966
 9 A  -0.0871  -1.8252  -0.7961  -2.2582  -1.5688   0.5408   0.5504  -1.2578   0.8163   0.2253   1.0537  -0.1581    0.779   -0.159  -0.8245   0.9741  -1.2432  -3.7652  -2.2795   0.1269
