            A        R        N        D        C        Q        E        G        H        I        L        K        M        F        P        S        T        W        Y        V
 1 A   -0.444  -3.6694  -3.9133  -4.1328  -0.8043  -2.5689  -1.7752  -2.8181  -3.3591  -0.3005   1.1586  -0.3407   0.7577   2.4777  -4.0871  -1.1517  -0.4416   1.0252   1.7155  -0.2018
 2 A    -3.26  -0.0169   1.3613  -1.1907   0.2404   1.0253  -0.7007  -1.0256   1.1371   0.7084   0.1483   0.9719   0.0963   0.2507  -3.7774  -0.0883  -0.6515  -3.7307  -0.5681  -0.6234
 3 A  -0.9648  -0.3089  -0.1547  -3.4587  -2.3466  -0.1443  -0.0977  -0.3531   0.6876   0.0406   0.2985   0.9283   1.0033   0.4075   0.2433   0.4898   -0.203   1.1529  -0.0552  -0.7279
 4 A   0.5351  -2.3398  -0.8571  -3.7494  -3.4085   -3.373  -2.3607  -0.9002  -1.6813   0.9931   0.6505  -1.5325   1.8301   0.1928  -3.7599   1.3732   -0.173  -3.7122   -1.054   0.7662
 5 A  -0.8731   0.3256  -0.5498  -3.6593  -1.6243  -1.1241   -0.119  -3.2319   0.4569   0.8802   0.8647   0.1751  -0.2233   0.1191   0.5804   -0.034  -1.8049   0.5974   0.6923   0.4409
 6 A   0.7333  -1.1441   1.6737  -0.3346  -1.6031   -0.451  -1.3289   0.4393  -1.5748   -1.533  -3.2405  -0.4452  -3.4268  -1.1476   0.1626   1.8117   1.0009  -4.0792  -3.6225  -0.4325
 7 A  -0.7437  -0.5688   1.0701  -0.8665  -3.7262  -0.4745  -0.3837  -0.0644  -2.2342   0.0332   0.7666  -0.5736  -1.4542   0.0845    1.247   1.0921  -0.2889   0.3351  -0.8139  -1.4758
 8 A   0.7835   0.2839  -2.6026  -1.6996  -1.1503   0.4197  -1.5753  -1.4255  -2.2423  -0.7429  -0.2198   1.2455   -1.073   0.1669   1.0991  -0.3168   0.8487  -3.7122   0.2936   0.2729
 9 A   -0.257   0.0114  -0.2961  -3.8166  -0.0678  -1.4869  -3.5861  -0.9249  -0.5992   0.7951   1.0112  -1.5067   1.1076  -1.2015  -0.6788   0.0558   0.7038  -1.6847  -0.6007    0.985
