            A        R        N        D        C        Q        E        G        H        I        L        K        M        F        P        S        T        W        Y        V
 1 A  -0.9225  -0.9047    -2.13  -3.7926  -0.7459  -0.4245  -3.3701  -0.3756   0.2738  -0.0615   0.6415   1.0228   0.3318      1.9  -1.0397  -0.2164  -1.5079   -0.199   1.5957   -0.643
 2 A  -1.4196  -3.0419   1.3569  -1.5327  -1.0956   1.1529  -0.5079   -0.516  -0.0448  -1.3222  -0.5398   0.5475   1.5627   0.7301  -3.6543   0.8121   0.2209   0.4202  -0.1327   0.2827
 3 A  -0.2611   0.7453  -2.1066  -3.6561  -0.2049  -3.1214   -0.569  -2.6475  -0.0767   1.0807   0.6477  -0.2093   -0.915   0.2694  -3.7372   0.7051   0.3595   0.4227    0.381   0.4324
 4 A   0.0631  -0.3786  -1.1874  -2.3231  -1.5236   0.8841  -0.6744    -1.77  -2.1997   0.6935   0.7148  -0.6212   2.2349  -1.9734   0.4078   0.3237  -1.0269   0.1142   0.1189   0.1813
 5 A   0.6743  -0.6032   0.3712  -0.2111  -3.5626  -3.0129  -0.6534  -1.9294  -2.1876  -0.1445   0.6793   0.7872   -1.926  -0.1332   1.0601   0.7202  -0.3228   -3.752  -0.3399  -0.1631
 6 A   0.3968  -0.6357   1.2376  -1.3004   0.3333  -3.0314  -0.5345  -1.3082   0.9516   0.4794   -0.948  -3.1077  -3.0149  -1.0104  -2.5609   1.7634   0.9369   0.6537  -1.7247   0.1465
 7 A  -0.6721   0.2499  -1.7275  -3.5803   -3.597   0.6481  -0.9767   0.3811   -3.559   0.1952   0.8731  -0.8721   0.1765  -3.4255    2.169  -0.1064  -0.3402  -3.9849  -2.4555   0.3567
 8 A  -0.4127   1.0915  -0.4319  -1.6084  -2.2526  -0.5532  -1.7823   0.1799  -0.2641    0.383   0.5579    1.224  -2.8409   -3.365  -1.2631  -0.4494   1.3883  -3.7559  -0.1871  -1.0843
 9 A   0.0126  -2.7233  -0.2173  -2.8447   -0.433  -1.1045   -1.918  -0.0643  -1.5965  -0.0958   1.3498   -0.664   1.0096   0.8565  -2.0557   1.2215   -1.683   0.1186  -1.6403  -0.0057
