            A        R        N        D        C        Q        E        G        H        I        L        K        M        F        P        S        T        W        Y        V
 1 A   -0.306    0.614  -1.9403  -2.1334   0.4447   0.6203   0.2656  -0.7212   0.5289   0.2993   0.4201   1.3103     0.29   -0.516   0.2379  -2.0264  -1.1399  -3.5767  -0.2079   -0.111
 2 A   0.2337   0.0364  -0.3532  -3.5877  -3.5184     -0.0  -2.6006  -0.5007  -3.0594  -0.1682  -0.1558  -0.9421  -1.8022   2.0239  -3.7189   0.4436  -0.3419   1.8847   1.5225   0.1483
 3 A  -2.2496   -2.432    0.235   0.1669  -0.9624   0.2764  -2.4414  -1.1193    0.874  -0.2013   0.5759   0.7552   0.3047   0.9188  -3.6759  -1.4726   0.6017   1.3533  -1.9695   1.0279
 4 A  -0.7669  -0.9356  -1.2483  -0.7015  -3.5198   1.0809  -0.5189  -0.6024  -0.1288   0.5156   0.8653   0.5583  -0.8222  -0.4776  -0.2935    0.682   0.3343  -3.4037   0.8744  -1.0791
 5 A   0.3009  -0.8244   0.7767  -0.6914  -3.5019  -0.4814  -1.4417  -0.1359  -0.3578   0.2196   0.1762  -2.0813   1.5589   0.2048   1.3484   1.0958  -2.2873   0.5458   0.3823  -2.8642
 6 A  -0.7845   0.0765  -2.4786  -1.0355   0.7198   0.5184   0.7668  -0.7263  -3.3016   0.2451   1.0255   0.8712   1.2841  -1.3133    1.063  -0.6183  -3.0114  -0.6826  -2.2608  -1.2381
 7 A   0.4291  -1.0049   1.0225  -1.0037  -3.3027  -2.1612  -2.0414  -0.4576   -3.187   0.4145  -2.9339  -3.0487   1.0027  -0.0096  -1.8598   1.8375    0.967  -0.6602  -0.0413   0.6591
 8 A  -0.3428   0.2405    0.854  -3.1279  -3.3801  -1.1869  -1.4052  -1.0544   0.6551  -0.9003   0.0212  -0.0653   0.2759  -2.5502  -0.2784   1.3333   1.7667  -3.7499  -1.6527   0.2584
 9 A   0.4974   -0.239   1.1209  -0.2853  -0.6038  -0.6655  -0.8136     -2.8  -0.3695  -0.0403   0.5838   0.2416  -0.5534  -0.5383   1.2445   0.3429   0.4837  -3.7761  -2.2299  -1.1162
