            A        R        N        D        C        Q        E        G        H        I        L        K        M        F        P        S        T        W        Y        V
 1 A  -1.1712   1.0382  -2.3602  -1.7779  -2.1803    1.215  -0.6431  -0.7196    0.397   0.6352   -0.352    1.052   0.8015   0.7939  -0.6659   0.5631  -0.7571  -3.3589   0.5047   -1.635
 2 A  -1.3747  -0.5634  -0.2532   -3.841  -3.4389  -2.3819  -3.6202  -3.1191  -3.2738   0.1828   1.0464  -3.4525   0.9425   1.9714  -3.9047  -0.3068   0.1534   1.9815   1.1529   0.7542
 3 A  -0.9149  -0.1249   0.1305  -1.7806   0.5847   0.5035  -0.1944  -0.3306   0.8766   0.1877   0.6282   0.8124  -0.2738   0.7335  -3.6358  -1.4719  -0.2365  -3.4396  -0.1783   0.1505
 4 A  -0.4701  -0.2457   0.2334  -0.8531  -3.5388    0.165  -0.1886  -1.0947  -0.9628  -0.4463   0.5216    0.161   0.6926   0.5307   0.7824   0.7294  -0.3297  -0.6455   0.4953  -0.2005
 5 A   0.8692  -2.5398  -0.8061   0.7086  -3.3465   -1.261  -2.4338  -0.8025  -3.3249    0.521   0.7853  -0.1087   1.2786  -1.0348  -1.8865    1.134  -0.1997   0.2328  -0.2251   -0.799
 6 A  -1.1907   0.3821  -2.5234  -1.5319  -0.9785    0.159  -0.2031  -1.2908  -3.1954   0.5135   0.9713   0.4331   0.5818  -0.2015   1.3911  -0.0075  -1.6392   1.3518   0.8746  -1.3986
 7 A   0.4764  -0.9864   1.5974  -0.3782  -3.3235  -2.8894  -1.9742  -0.5427  -0.3677  -0.5738  -2.4829  -2.4111   0.6649  -2.6573  -0.4452   1.8857   1.3496  -3.8852   -3.414   0.5488
 8 A  -1.1406  -2.5146   1.5515  -2.0007  -3.4627  -0.6805  -0.1973  -1.3971    0.387   0.1065   0.6802  -1.4989  -0.2883  -0.2439   0.6243   1.1396   1.2182  -3.6449  -0.8825  -0.7308
 9 A   0.7167   0.0742  -0.4664  -1.0396   0.4482  -0.2686   -1.393  -0.9275   0.0449  -0.2952  -0.1443   0.9989  -0.0993  -0.5626   1.4474    0.466   0.1751  -3.8184  -3.2526  -0.4574
