            A        R        N        D        C        Q        E        G        H        I        L        K        M        F        P        S        T        W        Y        V
 1 A  -0.7528  -0.4904  -0.7423   -0.214  -1.4053   1.0995   1.7376  -1.4375  -0.5024  -0.4621   0.7021  -0.2315  -0.0919   0.8856   -1.128  -0.5967  -0.7137  -0.9298  -0.2998  -0.6038
 2 A  -0.9836  -0.9104  -1.0799  -0.9274  -1.3897   0.7711   0.5342   -1.548  -0.6313   0.3788  -0.1314  -0.7719  -0.1893   2.5129  -1.5229  -0.9107  -0.8659  -0.2636   0.7191  -0.3049
 3 A   0.5353  -1.2267  -0.7917  -1.0877  -0.8035  -0.9321  -1.0618    1.342  -1.2317   0.9879  -0.3148  -0.9262  -0.3183  -0.8888  -1.0954   0.4499    -0.32   -1.397  -1.0833   0.6557
 4 A  -0.8254    1.878   0.7695  -0.8897  -1.3219  -0.2816  -0.6688  -1.3062  -0.5913   0.4162  -0.4119   0.0876  -0.3715   0.8343   -1.347  -0.6398  -0.5734  -1.0217  -0.3422   0.3719
 5 A   0.2877   0.7883  -0.9613  -1.2688  -1.0725  -0.3824  -0.6923  -1.1719  -0.4746  -0.1938  -0.2363   0.5703   1.0464   1.0747  -1.1741  -0.5337  -0.5799  -0.4463   1.3134   0.3223
 6 A   1.2966  -1.0632  -0.6761   0.6807  -0.7456  -0.7527  -0.5508  -0.6454  -0.9904   0.3073   -0.488  -0.7719  -0.4478   0.8288  -0.8952    0.011   0.6254  -1.0684  -0.3942  -0.1016
 7 A  -0.2099  -0.6707  -0.3211  -0.4764  -0.8035   -0.249   0.6112  -0.9699   -0.886  -0.4869   0.1047  -0.4344  -0.3201  -0.9785  -0.7636   0.8223   2.0169  -1.2997  -0.9754   -0.336
 8 A   0.3135  -0.2454   1.0096   0.9844  -1.3018   0.0344   0.8468  -0.7295   1.5582  -1.3168  -1.3609   0.6388  -0.9508  -1.3879  -0.8266    0.011   0.5961   -1.431  -0.7097  -1.0412
 9 A   1.4158  -0.8327  -0.3474   0.7964   -0.737  -0.4599  -0.2585  -0.3656  -0.8334  -1.1684  -1.2506  -0.4722  -0.9212  -1.4551   1.3592   1.2059  -0.0534  -1.6313  -1.1687  -0.7281
