            A        R        N        D        C        Q        E        G        H        I        L        K        M        F        P        S        T        W        Y        V
 1 A  -0.8774  -1.4795  -1.4085  -1.6759  -1.1037  -1.4674  -1.5893   0.4075   -1.129   0.6402   0.9789  -1.4634   0.1771   2.1978  -1.7047   -1.152   -0.912  -0.4196   0.4487  -0.0355
 2 A  -0.4998  -0.7495   -0.316   1.0443  -1.5379   0.0423   1.7355   1.3039   -0.628  -0.0429  -1.0968  -0.3278  -0.9198  -1.3828  -1.0055  -0.3716  -0.7066  -1.4657  -1.2816  -0.7365
 3 A   0.0958  -0.5333  -0.1685  -0.1044  -0.9143   0.0622   1.3321  -0.6889  -0.5775  -0.7025   -1.063  -0.2086  -0.7054  -1.2728  -0.7101   1.7498   0.1737  -1.4502   -1.019   0.1134
 4 A  -0.5404  -1.1588  -0.4831   1.4499  -1.0044  -0.7878  -0.3917  -1.2567  -1.1907    0.663  -0.4059   -0.851  -0.3994  -1.0176   1.2626  -0.4296   0.6143  -1.6357  -1.1266   0.9493
 5 A   0.9125  -0.9393   -0.829   -1.162  -0.8334  -0.5842   -0.856   0.6362   1.4557   0.4335  -0.0556  -0.7828   1.7466  -0.6768  -1.0833  -0.3099  -0.5327  -1.1572  -0.5454  -0.0671
 6 A   0.3077  -0.9018   0.7489  -0.8591  -0.8841  -0.7176   -0.869  -0.9362  -0.8991  -0.2988   0.7048  -0.7927   -0.103  -0.5198  -1.1157  -0.1193    1.205   2.6692  -0.4662  -0.3136
 7 A   0.6934  -0.8422  -0.3074  -0.6743  -0.7211  -0.5269  -0.5944   0.7435  -0.9097   0.1596   -0.798   -0.555  -0.5868  -1.1297  -0.7644   1.5111   0.8722  -1.4158  -1.0736  -0.2949
 8 A   0.4652   0.0103  -0.2714   0.8132  -1.0943   1.0368   0.0948  -0.7561  -0.6302  -0.6422  -0.9815   1.2168  -0.6409  -1.4086  -0.7887   0.5905  -0.2454  -1.4974  -1.0401   0.1266
 9 A  -0.4301     0.64  -0.8334   -0.817  -1.0015   -0.393   0.5139  -1.3373  -0.8847   0.6877  -0.2167  -0.4001  -0.2096   0.8784  -1.1988   0.3149  -0.3318  -1.0188  -0.3119   0.9605
