            A        R        N        D        C        Q        E        G        H        I        L        K        M        F        P        S        T        W        Y        V
 1 A  -0.6352   0.4622  -0.2602  -0.9082  -1.4177   0.3416  -0.5438  -1.2204    0.047   0.1785   0.2033   0.2769  -0.0322   0.7725  -0.8875  -0.0869   0.0356   0.6156   0.9984   0.2938
 2 A  -0.7446  -0.7252  -0.6479  -1.0406    0.281  -0.5449  -0.7525  -1.4565    0.211   0.2233   0.4789  -0.2385   0.0749    1.753   -1.263  -0.7443  -0.7298   1.5873   1.3853  -0.0261
 3 A  -0.3125  -0.3642  -0.0469  -0.5908  -0.3094    0.488  -0.2768  -0.7468   0.0174   0.3604   0.2098   0.6422   0.6352  -0.3176  -0.0739  -0.2358  -0.2739   0.0597  -0.2058   0.4536
 4 A   0.7095   0.0866  -0.0031  -0.1698  -0.7218   0.1872   0.1367   0.1981  -0.3967  -0.2662  -0.0543    -0.44  -0.0828  -0.2883  -0.6349   0.6408    0.215  -1.4625  -0.3722  -0.4451
 5 A  -0.6855  -0.8065  -1.3453  -0.5296   -0.729  -0.0993  -0.5619  -0.9264  -0.4969   0.4708    1.053  -0.4816   1.1702   0.4687  -0.5233  -0.6756    -0.39   1.5629   0.2209   0.2777
 6 A   0.1348   0.3759   0.1559  -0.4401  -0.3838  -0.2847  -0.2569     0.17  -0.1761  -0.1659   -0.778   0.3304   0.0088  -0.7104    0.326   1.0076    0.233  -1.5054  -0.1578  -0.2601
 7 A  -0.0853  -0.2828   1.4563    0.255  -1.3274   -0.122  -0.3637  -0.1919  -0.1593  -0.5065  -0.6314  -0.5629  -0.5574  -0.7889  -0.1192   0.9341   0.9553  -0.1143  -0.8089  -0.3035
 8 A  -0.1172  -0.3113  -0.5002  -0.6688  -0.7746   -0.338  -0.1515   -1.047   -0.191   -0.026   0.5826  -0.0502   0.1736  -0.1691   1.9513  -0.1956  -0.2229  -1.5845  -0.6268  -0.1687
 9 A    -0.03  -0.2892   -0.067  -0.6454   0.3322   0.1845  -0.4202  -0.1841   0.0485   0.0896   0.1008   -0.131   0.3966  -0.0892  -0.7437    0.354   0.7355  -1.3848  -0.1319   0.1535
