            A        R        N        D        C        Q        E        G        H        I        L        K        M        F        P        S        T        W        Y        V
 1 A  -0.3373   0.3056   0.7669  -0.0539  -0.8649   0.8056   0.0253  -0.8223   0.2422  -0.5058  -0.2447   0.0086   -0.055   0.4485  -0.6693   0.3127  -0.0373    0.356   0.7607   -0.435
 2 A  -0.3897  -0.0445  -0.3345  -1.2954   -0.009  -0.2715  -0.5662  -0.7475   0.6453   0.5312   0.1992   0.3007   0.2084   0.7811  -0.5493   0.1916  -0.3563   0.4978   0.3174   0.1023
 3 A   -0.244  -0.2894  -0.5118  -0.9509  -0.7097  -0.4657  -0.7938  -0.9781  -0.2747   0.5328   0.6035  -0.5319   0.4671    1.426  -1.6342  -0.6125  -0.1344   0.8997   0.7905   0.1269
 4 A  -0.3062  -1.0689  -1.1641  -1.1011    -0.52  -0.4454  -0.8678  -1.2647  -0.7047   0.6975   1.1889  -0.9353   1.0928   0.6735  -1.6824  -0.7986  -0.5108   0.9465   0.2033   0.6459
 5 A   0.0182   0.4748  -0.1242  -0.2126   0.1171   0.4767   0.0568  -0.2502   -0.326  -0.6291  -0.7758   0.7611   0.0627  -0.8071   0.8117   0.6583   0.0956   0.4506  -0.4351  -0.7325
 6 A   0.4237   -0.144   0.7853   0.1464  -0.5976  -0.1388   0.0192   0.4131  -0.4725  -0.7062  -0.9487  -0.0615   -0.342   -0.589   0.0196   0.8959   0.5048  -0.3702  -0.7642  -0.5298
 7 A  -0.4325  -0.4219  -0.6388   -0.507   -1.284  -0.6373  -0.5243  -1.4055  -0.1173   0.4598   1.0591  -0.6112    0.872    0.238   0.3217  -0.7766  -0.3864   0.4867    0.447   0.3965
 8 A   0.0508  -0.2605    0.733  -0.3614  -0.4127   0.1165  -0.4854   0.3728   0.3168  -0.8332  -1.1775   0.4053  -0.7209  -1.1645   1.4384   0.7874    0.489  -1.6759  -0.4679  -0.7663
 9 A   0.5479   0.0881    0.155  -0.4056  -0.7351   0.1909  -0.3479   -0.548   0.0652  -0.2433  -0.3134  -0.0917  -0.0931  -1.0142   0.5156   0.6831   0.8372   -0.167  -0.7431  -0.1842
