            A        R        N        D        C        Q        E        G        H        I        L        K        M        F        P        S        T        W        Y        V
 1 A  -0.3981  -0.7012  -0.3432   -0.671   0.2652  -0.0632  -0.3466  -1.0271   0.1007  -0.1424   0.0893  -0.3243  -0.0645   1.5134  -1.1766  -0.1651  -0.6446   1.9838   1.5421  -0.3675
 2 A  -0.6714  -0.2924   0.4046  -1.2173  -0.3653   0.0472   -0.502   -1.122   0.6828   0.4182   0.4296   0.3488    0.075   0.6358  -1.5296  -0.4754  -0.3884   0.5816   0.8543   0.3291
 3 A  -0.1719   0.0696   0.1688  -0.5067  -0.7612   0.5785  -0.4649  -0.8905  -0.3496   0.0953   0.3249   -0.163   0.3477   0.5995  -0.5553   0.2139   0.3569  -1.2691  -0.0589   0.1439
 4 A   -0.091  -0.8121  -1.4328  -0.8339  -1.2046  -0.1825  -0.6585  -1.6642  -0.5831    0.706   1.2294  -0.7675   1.2345   0.5545    -1.05  -0.4396  -0.6337   1.3174  -0.0955   0.0807
 5 A   0.2037   0.1087  -0.1422   -0.442  -0.0558   0.1669  -0.0442  -0.2305  -0.2375  -0.3664  -0.2565   0.8985  -0.0444  -0.8266   0.2562   0.6969   0.0527   0.0597  -0.3593  -0.4459
 6 A     0.16   0.0233   1.3345   -0.064  -0.7655  -0.0156  -0.0881   0.2173   -0.073  -0.8446  -1.1725  -0.3919  -0.6263   -0.755  -0.8053   1.1934   0.7527  -1.5273  -0.2504  -0.5635
 7 A   -0.101   0.0247  -0.6171  -0.3758  -0.6269   -0.342   0.0156   -0.929  -0.5491   0.2481   0.4325  -0.4002   0.3808  -1.0622   1.7847  -0.3646   -0.316  -1.6412  -0.5482   0.3627
 8 A   -0.005  -0.0099   0.2822  -0.3179   0.0118   0.4015  -0.0891   0.0958   0.2624  -0.2407  -0.3767   0.6839   -0.301  -0.4769  -0.5145   0.5685   0.4131  -1.4807  -0.3065   -0.432
 9 A   0.6096  -0.3224  -0.3543  -0.6534  -0.0059  -0.6065  -0.4896  -0.3874  -0.5935  -0.0974    0.525   -0.046   0.0777  -0.5207   0.1017   0.4629   0.1519  -0.1965  -0.7063    0.255
