            A        R        N        D        C        Q        E        G        H        I        L        K        M        F        P        S        T        W        Y        V
 1 A  -0.4517   0.0595   0.0448  -0.6684    0.209  -0.1362   0.0971  -0.6669   0.5769  -0.0506  -0.1577  -0.2572  -0.1719   0.7505  -0.5351   0.2212  -0.4042   1.5602   1.2609  -0.3515
 2 A  -0.2604   0.3501   0.8309  -0.6368  -0.3053   0.1511  -0.2019  -0.7596   1.2511  -0.1297  -0.2996   0.6909  -0.1692  -0.4309  -0.4252   0.0038  -0.2724    1.328  -0.1236  -0.2148
 3 A  -0.5156  -0.6436   -0.684  -1.1888  -1.3576  -0.4589  -0.7269  -1.2313  -0.6099   0.4516   0.6775  -0.8271   0.1792   1.5895  -1.0436  -0.4607   0.0637   1.3704   1.1592   0.0413
 4 A   -0.518  -1.0535  -0.9654  -1.1063  -0.5408  -0.8073  -0.7685  -1.5279   -0.855   0.7236   1.3197  -1.1184   1.2819   0.5198  -1.1324   -0.644  -0.4896  -0.1081  -0.1984   0.7412
 5 A   0.2802   0.9434   0.1783  -0.4125  -0.0256   0.4973  -0.1292   0.1648  -0.4712  -1.0063  -0.8534     0.89  -0.2512  -1.1362   0.6157   0.5215  -0.3419   -1.602  -0.4234  -0.6503
 6 A   0.3724  -0.1634   0.8861   0.0006  -1.3068   0.0654  -0.0706   0.1453    0.003  -0.4805  -0.5346  -0.1826  -0.2745   -0.792  -0.3507   0.9249   0.5938  -0.3652  -0.6243  -0.4631
 7 A  -0.1344  -0.3629  -0.1137  -0.6959  -1.2563   -0.482  -0.5273  -1.0502  -0.2886   0.2511   0.7708  -0.3015    0.924  -0.1637   0.6221   -0.293  -0.2165  -0.3935    0.163   0.5311
 8 A   -0.129  -0.5008   0.4668  -0.5516    0.194   0.2674  -0.3413   0.1387   0.6293  -0.2799  -0.7698   0.1007  -0.5929  -0.6539   0.4924     0.82    0.825  -0.0283    -0.05  -0.5313
 9 A   0.5301   -0.114   0.4226  -0.3185  -0.4171  -0.0843  -0.3249  -0.5623   0.0546  -0.4015  -0.0584  -0.2106  -0.1304   -0.872   1.1388   0.3728   0.2771   0.1293  -0.6241  -0.0858
