            A        R        N        D        C        Q        E        G        H        I        L        K        M        F        P        S        T        W        Y        V
 1 A  -0.5249   0.1308  -0.1043  -0.2399   0.3223   0.2074   0.2558  -0.7789   0.5933  -0.2481   0.0819   0.2013   0.0009   0.2423  -0.5183   0.2416  -0.2189   0.8847    0.737  -0.2449
 2 A   0.0096   0.1058   0.4741   0.5308  -0.0016   0.4792   0.3469  -0.2687   0.4285  -0.8164  -0.8161   0.3653  -0.2972  -0.3341  -0.3062   0.4611   0.1099   0.3578   0.0537  -0.5615
 3 A  -0.7867  -1.1794  -1.4762  -1.5945  -0.2592  -1.0879  -1.3755  -1.6723  -0.8855   0.8145   1.4196  -1.1434    0.836   1.0736  -1.1019  -1.1727  -0.6815   0.7875   0.1468   0.6907
 4 A  -0.1316  -0.2818  -0.0853  -0.5935   0.2906  -0.1867  -0.5147  -0.3987  -0.1308   0.3047   0.3195  -0.0689   0.4646   0.0826  -0.4076   0.2215   0.1367  -0.0783   0.0424   0.2872
 5 A  -0.0244   0.4889   0.8733   0.4415  -0.4539   0.5385    0.093   0.1699   0.1045  -1.0957  -1.1323   0.5513  -0.4376  -1.1699    0.677   0.5741   0.0868  -1.6981  -0.7607  -1.0015
 6 A    0.052  -0.2258   0.2283  -0.0552   0.0649   0.3769   0.3579   0.0362  -0.4081  -0.3769   -0.271  -0.1052   0.0124  -0.4374   0.6145   0.4775  -0.1186   0.2641  -0.3722  -0.1787
 7 A   0.1405  -0.1173  -0.4253   -0.471   0.3609   0.0057  -0.2811  -0.6461   0.4426   0.2841   0.1817   0.0142   0.2551  -0.2387  -0.1608   0.2537   0.1866  -0.0012   0.0197   0.0405
 8 A   -0.332   -0.476  -0.6676  -0.5929  -0.5024   -0.293  -0.4116  -0.7183  -0.5189   0.2628   0.9566  -0.2579    0.511  -0.0816   0.2979  -0.0786   0.0612  -0.0932  -0.1947   0.3504
 9 A  -0.0482   0.0063   0.1883  -0.1942  -0.2487  -0.0382  -0.2886  -0.5451    0.152   -0.207  -0.0041  -0.0375   0.0875   0.0985  -0.5064   0.6438   0.5681   0.0055  -0.0388   -0.011
