            A        R        N        D        C        Q        E        G        H        I        L        K        M        F        P        S        T        W        Y        V
 1 A  -0.3181  -0.2082  -0.3409  -0.3678  -0.1697   0.0683  -0.0173  -0.7174   -0.131   0.0868   0.5531  -0.3429   0.1279   0.4906  -0.4186   0.0527  -0.0814   0.4104   0.6886   0.0656
 2 A   -0.087   0.3162   0.3867   0.3681   0.7937   0.3754   0.5235  -0.2061   0.4918  -0.8646  -0.8143   0.6897  -0.2415  -0.8558  -0.0556   0.3367  -0.1478   0.2591  -0.5502  -0.7297
 3 A   -0.295  -0.8667  -0.6797  -0.9126  -0.1971  -0.4715  -0.6599  -0.9682  -0.0641   0.4028   0.8365  -0.7347   0.5578   0.8642  -0.8517  -0.2896  -0.1522   0.6495   1.1137   0.1946
 4 A  -0.4558  -0.9549  -1.0319  -1.3206   0.0847  -0.7162  -1.0862  -1.5105  -0.7961   0.7964   1.1317  -0.8003   0.9167   0.7223   -1.159  -0.6579  -0.3556  -0.0063   0.0394   0.8295
 5 A  -0.0415   0.4039   0.7004   0.2764  -0.1561   0.6807   0.0708   0.4484  -0.0002  -1.1796  -1.1837   0.5471  -0.6609  -1.0931    0.182   0.5814   0.2734  -0.1984  -0.4185  -0.9609
 6 A  -0.0206   0.2283   0.5394    0.277  -0.4807   0.3827   0.3063  -0.2746   0.1715  -0.7976  -0.8318   0.0954  -0.2603  -0.7746   1.0128   0.6076     0.16   0.4586  -0.5542  -0.5875
 7 A   0.0026   -0.336  -0.2258  -0.4741   0.4223  -0.1665  -0.2952  -0.0062  -0.2217   0.0476   0.4775   -0.233   0.2559   -0.031   0.1288   0.2524   0.1617  -0.1955  -0.3496  -0.1419
 8 A  -0.2166  -0.1434  -0.5422  -0.6099  -0.3685  -0.1796    -0.43  -0.7094  -0.1929   0.3713   0.5339  -0.0887   0.4518   -0.063   -0.236   0.1979   0.3128   0.0634  -0.2501   0.4273
 9 A  -0.0768  -0.2619   0.1102  -0.3332  -0.1271  -0.0898  -0.3339  -0.7757   0.3304  -0.1377   0.3952   0.0214   0.1873   0.1555  -0.1681   0.3745   0.3021   0.1405   0.0769  -0.0562
