            A        R        N        D        C        Q        E        G        H        I        L        K        M        F        P        S        T        W        Y        V
 1 A  -0.1649   0.1891   0.5024   0.4621    0.487   0.3239   0.3457  -0.0122   0.4687  -0.9753  -0.8659   0.5398  -0.6286  -0.7853   0.4554   0.5762   0.0635  -0.7089  -0.3699  -0.8732
 2 A  -0.3783  -0.0524  -0.1323  -0.2117  -0.6269   0.1925   0.3006  -0.6091   0.4533  -0.2447  -0.1113   0.0506   0.1755   0.3162  -0.5981   0.0162  -0.1255   1.8871   1.0799  -0.3362
 3 A  -0.3724  -0.8393  -1.0981  -1.2231   0.4743  -0.8366  -0.9899  -1.4585  -0.3845   0.7644    1.079  -0.9015   0.9499   1.0445  -1.1193  -0.7943  -0.4437  -0.1003   0.2484   0.4894
 4 A  -0.4888  -0.7944  -0.7801  -0.9946   0.4361  -0.5719  -0.7978  -0.9982  -0.7773   0.7206   0.9412  -0.5119   0.5878    0.095  -1.0227  -0.4803   0.0398  -0.3048    0.124   0.8932
 5 A   0.0267   0.4912   0.8838   0.3673  -0.9236   0.4333   0.3198   0.0676   0.4012  -1.2034  -1.2336   0.6336  -0.4766  -1.1468   0.5887   0.7164  -0.1325  -0.7175  -0.7184  -1.1259
 6 A   -0.075  -0.2544  -0.1232    -0.34   0.0185   0.2325  -0.2351   -0.094  -0.4203   0.0819   0.4371  -0.3339   0.5098  -0.2242   0.0688   0.1069   0.1645   0.1658  -0.3184   0.0341
 7 A   0.1001  -0.1034   0.0539  -0.4422    0.228   0.1659  -0.1149  -0.3113  -0.0219  -0.2243  -0.1053   0.1804   0.0209  -0.1234   0.3469   0.4929   0.2063   -0.061  -0.1301  -0.0927
 8 A  -0.1221  -0.3196  -0.0822  -0.2187  -0.7397  -0.1278  -0.3836  -0.0503  -0.0271   0.0366   0.2849   0.0856   0.2749  -0.1724   0.1436   0.3261   0.2358  -0.1232   0.0503   0.0088
 9 A  -0.1423  -0.0655   0.1949  -0.2479    0.094  -0.1603  -0.0857  -0.7744   0.2806  -0.1338   0.1063   0.0085   0.0736   0.2983   -0.219   0.3484    0.483   0.4534   0.1074  -0.2165
