            A        R        N        D        C        Q        E        G        H        I        L        K        M        F        P        S        T        W        Y        V
 1 A  -0.4499   0.0514  -0.2351  -0.3969   0.7248   0.0435  -0.1483  -0.5786   0.2431  -0.1383   0.3262  -0.2177   0.0489   0.5757  -0.1917   0.0176  -0.0665   0.4346   0.6225  -0.0973
 2 A  -0.0997   0.1696   0.5561   0.5384  -0.6626   0.3299   0.6051   0.0728    0.525  -0.8955   -0.956   0.5209  -0.5171  -0.4472  -0.1996   0.3701   -0.076   0.8898  -0.1587  -0.8529
 3 A  -0.5308    -0.96  -1.0687  -1.2654   0.0396  -0.8095  -1.0793  -1.4944  -0.1958    0.676   1.1196  -0.9879   0.9706   1.0874  -1.1334  -0.8471  -0.5588   0.4869   0.8223   0.4221
 4 A  -0.4347  -0.8797  -0.6659  -1.1688   0.0969  -0.3024  -0.9416  -1.2058   -0.669    0.744   0.8845  -0.5169   0.9393   0.4678  -0.7811  -0.4089  -0.0327  -0.0574  -0.0183   0.7655
 5 A  -0.0009    0.696   0.5974   0.2345  -0.6261   0.5135   0.1693  -0.0059   0.4791  -1.0497  -0.9815   0.8975  -0.3608  -1.0226  -0.2977   0.5671   0.0198  -0.4067  -0.3553  -0.9251
 6 A   0.2803   -0.195   0.6132   0.2877  -0.3532   0.3663   0.2743   0.0996  -0.1645  -0.7551  -0.8245  -0.1211  -0.3032  -0.8203    0.693   0.7228   0.2158   0.1443  -0.5159   -0.568
 7 A  -0.0334  -0.2865  -0.3919   -0.443  -0.0192   0.0143  -0.1211  -0.0902  -0.0704   0.1033   0.3684  -0.0336   0.1559  -0.1873   0.1856   0.1539   0.0573   0.0485   -0.148   0.1014
 8 A  -0.2171  -0.5455  -0.3879  -0.4861  -0.1559  -0.2654  -0.3891  -0.6849   -0.209   0.2118    0.757  -0.2746   0.3736   0.0808  -0.1492   0.1822   0.3371  -0.2206  -0.2075    0.271
 9 A   -0.042   0.0518   0.2075  -0.3183  -0.1543  -0.0492  -0.1812  -0.4578  -0.0352  -0.2024   0.0621   0.1564   0.0118   0.0582  -0.0823   0.4577   0.4676   0.0805  -0.0602  -0.1575
