            A        R        N        D        C        Q        E        G        H        I        L        K        M        F        P        S        T        W        Y        V
 1 A   0.3244  -0.8885  -0.4092   0.5847   0.0975   0.0444  -0.4035  -0.8064  -0.8636   0.8166   -0.371  -0.6219  -0.3162   0.2713  -0.9437   1.1297  -0.0751  -1.2244  -0.6124   0.0283
 2 A  -0.4264  -0.1634    0.615  -0.7015  -1.1304   1.5974    -0.11  -1.1439  -0.5447  -0.1161   0.9014    0.511   0.1143  -0.7349  -1.1137  -0.4824  -0.4871  -1.2532   -0.812   0.0642
 3 A  -0.1686   0.2532   0.2404  -0.6965  -1.2463  -0.5911  -0.2434   2.0207  -0.8916  -0.0611  -0.9964  -0.5017  -0.8596  -1.3095   0.2362  -0.3577  -0.4286  -1.4347  -1.3163  -0.3289
 4 A   0.1567   0.3233  -0.4209  -0.6792  -1.2567   0.9585  -0.0199   0.3747  -0.6257  -0.1185  -0.8859   1.7446  -0.5908  -1.3869  -0.7912  -0.1731    0.089  -1.3974  -1.0209  -0.5673
 5 A  -0.4467  -1.1717  -0.9827  -1.3712   1.4212  -0.9918  -1.1479   0.3589  -0.7652  -1.0205  -0.9769  -1.0932  -0.7894   -0.097  -1.4695  -0.4653   0.7766   4.2021   1.1149  -0.8808
 6 A  -0.4146  -0.8017  -1.2962  -1.4938  -0.7906  -0.8428  -1.1029  -1.5827  -1.3593   1.1293   1.3249   0.0788    0.441  -0.2953  -1.2944  -0.8183   0.1445  -1.1929  -0.7743   0.7714
 7 A   0.0371  -0.9914  -0.3906  -0.7959  -1.1366   -0.751  -0.9106   2.2474  -1.0611  -1.4071  -1.4959  -0.4063  -1.1758  -1.5579   1.0177  -0.0518   0.8627  -1.4691  -1.4432  -1.1222
 8 A   0.6034  -0.3478  -0.3993  -0.8753   -1.169   -0.208  -0.4165   0.3984   2.5889  -0.9285  -0.4674   0.4417   0.3934  -0.6063  -0.9834   -0.284   -0.678  -0.8636   0.7045  -0.8469
 9 A  -0.2741    -1.16  -1.1701   -1.073  -1.2065  -0.8537  -0.8345  -1.2171  -1.1629  -0.0285   -0.683  -0.7202    0.502  -1.3537   3.3934  -0.5677  -0.5865  -1.9884  -1.2302  -0.5495
