            A        R        N        D        C        Q        E        G        H        I        L        K        M        F        P        S        T        W        Y        V
 1 A   0.5512  -0.9816  -0.5993  -0.8847   0.3695  -0.7007  -0.7505    -0.75  -0.9626   0.9838   -0.193  -0.7205  -0.1807   0.4224  -0.9128    1.246    0.035  -1.1306  -0.4987   0.2289
 2 A  -0.3345  -0.0413  -0.7198  -0.9038   -1.081   1.7313  -0.0081   -1.242  -0.6066  -0.0288   0.9216   0.7208    0.197  -0.7006  -1.0583  -0.5297  -0.4983  -1.1968  -0.7569   0.1617
 3 A  -0.0858   0.5767   0.4156  -0.5299   -1.377  -0.4138  -0.0515    2.217  -0.7285  -1.7455  -1.6615  -0.2988  -1.2813  -1.6167   0.4466  -0.2108  -0.4176  -1.4362  -1.4207  -1.4616
 4 A   0.2214   0.5044  -0.4391  -0.7251  -1.1858   0.0618  -0.1825   0.5549  -0.7229  -0.0255  -0.8231   1.7408  -0.5966  -1.3077   -0.776  -0.1562   0.1471   -1.385  -1.0396  -0.4781
 5 A  -0.4611  -1.1096  -1.0156   -1.376   1.6729  -0.9364  -1.0769  -1.1954  -0.7185  -0.8819   -0.861  -1.0435  -0.6883  -0.0232  -0.3903  -0.3888   0.9877   4.1734   1.2038  -0.7329
 6 A  -0.3581  -0.6947  -1.2159  -1.4335  -0.7643   -0.751  -1.0081  -1.5128  -1.3027   0.8898   1.3218   0.1804   0.4473  -0.2992   -1.236  -0.7318   0.2148  -1.1689   -0.754   0.7911
 7 A   -0.111  -1.1765  -0.4104  -0.8185  -1.1745   -0.867  -1.0261   2.4019  -1.0912  -1.2921  -1.4874  -0.8068  -1.2023  -1.5396   1.1278  -0.1602    0.412  -1.4666  -1.4847  -0.8384
 8 A   0.8389  -0.5823  -0.3678  -0.8652  -1.0707  -0.2845  -0.4701   0.6128   2.6948  -1.0122  -0.8613  -0.3012   0.3931  -0.5585  -0.9573  -0.1832  -0.6469  -0.7895   0.8269  -0.8383
 9 A  -0.5506  -1.1404  -1.1695  -1.0801   -1.194  -0.8304  -0.8447  -1.2828  -1.1403   0.0992  -0.5071  -0.7192   0.7869  -1.2226   3.3366  -0.6178  -0.5741  -1.9012  -1.1692  -0.4411
