            A        R        N        D        C        Q        E        G        H        I        L        K        M        F        P        S        T        W        Y        V
 1 A   0.0905  -0.7372  -0.3139  -0.6702  -0.7825   0.3249  -0.4721   1.0209  -0.8288   0.2757  -0.5873  -0.4861  -0.4057  -1.0151  -0.8725   1.2076   0.0565  -1.3506  -0.9841    0.455
 2 A  -0.5686  -1.1705   -1.272  -1.5199  -0.6629  -1.0361  -1.2925  -1.6267  -1.4331    1.117   1.3995  -1.1092   0.5605  -0.1687  -1.2903  -0.6829   0.6843  -1.1069  -0.7062   0.8144
 3 A    0.638   -0.908   0.6663  -0.5899  -0.8553  -0.6253  -0.7668   1.7553  -0.8417  -0.7479  -1.0598  -0.6329  -0.8181  -1.2822  -0.8759   0.1375    0.846  -1.3581  -1.1958  -0.1839
 4 A   -0.162    0.777  -0.3744  -0.6712   -1.204   0.2921  -0.0093  -0.9252  -0.5525  -0.7105  -0.5033   1.8985   1.0316  -1.1401  -0.7205  -0.1203   0.4078  -1.2512  -0.8754  -0.6507
 5 A  -0.9813  -0.9431  -0.7669   0.8213  -1.6861  -0.7841  -0.4982  -1.1602  -0.8354  -1.3918  -1.2662  -0.4016  -1.0419  -0.3802   1.8079  -0.8091   -0.902   4.4164   0.2971  -1.4002
 6 A   0.5643  -1.1381  -1.4859  -1.6104  -0.5661  -0.9891  -1.1919  -1.2064  -1.3761   0.6116   1.4668   -1.065   0.5407  -0.2061  -1.2076  -0.6354  -0.4278  -1.1188  -0.7075   0.8773
 7 A   0.0369  -1.1175  -0.7475  -1.0901  -0.9176  -0.9344  -1.1465   1.9052  -1.2411   0.7195  -0.3676  -0.4974  -0.3725  -0.9176  -1.1821  -0.4893  -0.5419   -1.329   -1.134   0.6894
 8 A  -0.4975   1.0655  -0.4001  -1.0124  -1.4934  -0.1319  -0.4471    -1.24   2.6391  -0.9423  -0.3378  -0.1556  -0.4658   0.2429  -1.1952  -0.6146  -0.8397  -0.0733   2.0565  -0.9673
 9 A   0.6069   0.9779  -0.8241  -0.9072  -1.1218  -0.3894  -0.5053  -0.8184   -0.836  -1.3178  -1.2794  -0.0725  -1.0372  -1.6682   2.9794  -0.1955  -0.4824  -1.8305  -1.1986  -0.9858
