            A        R        N        D        C        Q        E        G        H        I        L        K        M        F        P        S        T        W        Y        V
 1 A  -0.0527  -0.5754   1.2093  -0.2879   0.1949   0.2784  -0.3268   -0.563  -0.4578  -0.0666  -0.7736  -0.3743  -0.5439   0.3491  -0.8483   1.4939   0.1507  -1.1697  -0.5146   -0.489
 2 A  -0.4548  -0.6408  -1.1527   -1.296  -0.8854    1.063  -0.5631  -1.5226  -0.9706    0.931   1.3779  -0.3377   0.5033  -0.2988  -1.2935  -0.8538  -0.5577  -1.1251  -0.7043   0.3982
 3 A  -0.0113  -0.7335  -0.4152   -0.738  -1.2465   1.0195  -0.4453   2.1246  -0.7876  -1.1975  -1.3725  -0.4416  -0.9851  -1.5715   1.0379  -0.2342  -0.3404  -1.4397  -1.3047  -0.6479
 4 A   0.2141   0.6061  -0.3153  -0.6398  -1.3671   0.1092  -0.1443   1.4615  -0.6477  -1.4936  -1.4172   1.7933  -0.9765  -1.6357  -0.7721  -0.1547  -0.5655  -1.4069  -1.1825  -1.2416
 5 A  -0.6857  -1.2188  -1.5005  -1.7167    1.501  -1.1394  -1.3004  -1.4233  -0.7498   0.4096    -0.45  -0.8869  -0.4395   0.1613  -0.6065  -1.0688  -0.8825    4.339   1.3023  -0.2698
 6 A  -0.2814   -1.057  -1.0674  -1.3719  -0.6808  -0.9122  -1.1517  -1.4217  -1.3278   0.7387   1.4509  -0.9847   0.4933   -0.239  -1.1683  -0.4003    1.134  -1.1052  -0.7498   0.3016
 7 A   0.0817   -0.436  -0.3496  -0.7548  -1.2899  -0.4661  -0.6998   2.4251  -0.9153  -1.4245  -1.5442   0.7462  -1.1834  -1.5798  -0.9982   -0.236  -0.7229  -1.3922  -1.4287  -0.9603
 8 A  -0.4192  -0.5759  -0.3184  -0.8264  -1.3981   -0.286  -0.4647   0.3649   2.9216  -1.0023  -0.4503   -0.331   0.4584  -0.8707   1.6169  -0.5096  -0.8034  -1.1763   0.0335  -1.0823
 9 A   0.5763  -1.0686  -1.0356  -0.9267  -1.1092  -0.7637  -0.6574   -0.846  -1.0836   -1.331  -1.3927  -0.5819  -1.2059  -1.7981   3.4691  -0.2449   -0.504  -2.1565  -1.3261   -1.037
