            A        R        N        D        C        Q        E        G        H        I        L        K        M        F        P        S        T        W        Y        V
 1 A  -0.7431   -0.424   0.3075   -0.857  -0.6093  -0.0019  -0.6605  -0.9832   0.2543   0.1774   0.2145  -0.4275  -0.0221   1.4387   -0.517   0.2663  -0.3025  -0.0404   1.0855   0.0193
 2 A  -0.4695  -0.3189   0.5492   0.1483  -0.2975  -0.3199  -0.1145  -0.4167   1.1044   0.0315   0.0354   0.1977    0.322   0.0715  -0.4119   0.1692  -0.3089  -1.3439   0.1022   0.0999
 3 A  -0.4647   0.8485  -0.9633  -0.9319  -0.1005  -0.3094  -0.5292  -1.1712    -0.39   0.1503    0.634   -0.346   0.6042   0.7551  -0.8737  -0.5008  -0.3296   0.6232   0.3272   0.5403
 4 A  -0.4594  -0.5766  -0.8098  -0.7244  -0.3602   0.2483  -0.5283  -1.4065  -0.7279   0.8149   0.9067   -0.889   1.1824    0.771   -1.598  -0.1319   -0.417   0.4115  -0.0189    0.247
 5 A  -0.0117  -0.0766  -0.3459  -0.5646  -0.0692   0.5714  -0.2886   0.1027   0.0768   0.2778   0.0991   0.5684   0.1524  -0.3445  -0.4371   0.0161   0.0356   0.1485  -0.3037  -0.2453
 6 A   0.9538  -1.0069    1.034   0.2406  -1.1794  -0.4904  -0.2875   0.1271  -0.9482  -0.7446  -0.4247  -0.5108  -0.5736  -0.9459  -0.4679   1.1204   0.2685    0.804  -0.7671  -0.5534
 7 A  -0.5093  -0.6225  -0.4148  -1.1488  -1.1855  -0.3787  -0.9065  -1.2701   0.0612   0.7216    1.231  -0.9736   0.8478    0.322  -0.5912  -0.5856   -0.168  -1.2783  -0.1619   0.6098
 8 A     0.07  -0.4081   0.4485  -0.8942  -0.3255   -0.039  -0.2717   0.1734  -0.4292  -1.0501  -1.0604   0.5643  -0.7329  -0.8721   1.9081   0.6146   0.5401  -0.1191  -0.4171  -0.8131
 9 A   0.4382  -0.0814   0.1199   0.2163  -0.7467   0.3858  -0.1015   0.6664  -0.1896  -0.6242   -0.542  -0.3852  -0.4005  -0.9346  -0.4146    0.876    0.396  -1.5399  -0.3718  -0.3118
