            A        R        N        D        C        Q        E        G        H        I        L        K        M        F        P        S        T        W        Y        V
 1 A  -0.8869  -0.4416  -0.5751  -0.9413  -0.6237  -0.5779  -0.6673  -1.6857   1.2738   0.3455   0.1264   -0.239   0.6768   1.4483   -1.139   -0.577   -0.438   0.6814   1.7025   0.0218
 2 A  -0.1816   0.2677   0.8295  -0.1232  -0.0733   0.2805  -0.2944   0.1873  -0.0509  -0.2761   -0.425    0.068   0.2861   0.2176  -0.6579   0.2911  -0.3929   0.0433  -0.2413   0.0306
 3 A  -0.6732  -0.6621  -1.1899  -1.8129  -0.5433  -0.8314  -1.1346  -1.5198  -1.4935     1.08   1.3276  -1.3321   0.3782   0.4811  -1.7428  -0.8079  -0.5676   1.0968   -0.137    0.949
 4 A  -0.1062  -0.4779   0.0713  -0.8008   0.4323  -0.1591  -0.2316  -0.4509  -1.0446   0.3026   0.4621  -0.1806   1.4678    0.304  -0.6323   0.3758  -0.2431   -1.281  -0.0823  -0.2275
 5 A   0.5671   0.0482   0.3634  -0.6842  -1.2909   0.3541   -0.052  -0.0405  -0.0542  -0.1962  -0.2109   0.1164   0.0423  -0.1315  -0.1129   0.4757    -0.09  -1.3458   0.1333  -0.2253
 6 A   0.1174  -0.4968  -0.5241  -0.2554  -0.2725  -0.2656  -0.2649  -1.1388  -0.7409   0.2724   0.9063  -0.6296   0.4069   0.3335  -0.5402   0.1894  -0.2478   0.5953  -0.0691   0.1472
 7 A   0.3536  -0.0379   0.8247  -0.2867  -0.4919   0.4971  -0.5151  -0.6204   0.2947  -0.2202   0.0358  -0.1036   0.1384  -0.3522   0.5137   0.2576  -0.0635  -1.4522  -0.1468  -0.2175
 8 A    0.105  -0.2621   1.0695  -0.2472  -0.5228  -0.0427  -0.5218   0.1113   0.1086  -1.0351  -1.0688  -0.2914  -0.2771  -1.0562   1.2844   0.4667   1.3068  -1.6699    -0.74  -0.6375
 9 A   0.0734   -0.007   0.0847   -0.599  -0.4501  -0.1421  -0.6596   0.1408   -0.194   -0.089    0.321   0.1386  -0.2173  -1.1217   0.4799   0.8445   0.3127  -1.5625  -0.5227  -0.3291
