            A        R        N        D        C        Q        E        G        H        I        L        K        M        F        P        S        T        W        Y        V
 1 A   -0.672   0.1754  -0.0737  -0.0474  -1.5868   0.7886   0.1712  -0.7375   0.6904  -0.5833  -0.3565   0.6355  -0.0414   0.2276   0.0566   0.0754  -0.4633   1.3054   1.0345   -0.327
 2 A  -0.7848  -0.7984  -1.1765   -1.253  -0.6009  -0.4295  -1.3821  -1.8164  -1.2283   0.8904   0.9171  -0.9913   0.9147   1.6223  -0.9218   -0.591  -0.3866  -0.8856   0.5207   0.5342
 3 A  -0.7061  -0.0386   0.0805  -0.7182   0.1782   0.1315   -0.481  -0.9696   0.0839   0.6917   0.4494  -0.3831   0.5933   0.5265  -1.5543  -0.7063  -0.2434  -1.1845   0.2851   0.7548
 4 A   0.2242   -0.327   0.6257  -0.9626   -1.254    0.062  -0.3411    0.174  -0.0948  -0.4347  -0.0744  -0.2761   0.6514  -0.5705  -0.3731   0.5107   0.5612   1.5101  -0.4805  -0.0844
 5 A   0.1006    -1.19  -0.9633  -0.5896   -0.226  -0.9977  -0.3807  -1.1508  -1.3287   0.6418   1.2448  -0.3712   0.7932   0.2574  -1.4969  -0.1593  -0.4021  -1.2914   -0.281   0.3834
 6 A   0.1987  -0.2097  -0.0562  -0.3662  -0.5405  -0.1605  -0.5085  -0.3952   -0.288   0.5602  -0.0603  -0.3552   0.2144  -0.3978   0.3967   0.6749   0.1745  -0.0793  -0.2735   0.0934
 7 A   0.1016   0.5884    0.414     0.13   0.0111   0.4692  -0.0303  -0.4869  -0.1364  -0.6638  -0.4009   0.5034   -0.372  -1.0112   0.7092   0.6181  -0.0862  -1.6343  -0.7528  -0.3686
 8 A   0.0155  -0.4737   1.3025  -0.1412  -1.3515  -0.0763   0.0452  -0.4236    0.454  -0.5476   0.1314    -0.17   0.2074   -0.466  -0.0207   0.6042   0.3055  -0.2776  -0.4157  -0.6348
 9 A   0.4021   -0.553  -0.6342  -0.7909  -1.1735  -0.4155  -0.7419   0.3566  -0.7051  -0.1633   0.4982  -0.3909   0.1301   0.0453   0.5199  -0.0888   0.8028  -1.3422  -0.0989  -0.0027
