            A        R        N        D        C        Q        E        G        H        I        L        K        M        F        P        S        T        W        Y        V
 1 A  -0.5823   0.8429  -0.6088  -0.6131   -0.094   0.2348  -0.0722  -1.2817  -0.1449   0.2024   0.2378   0.3655   0.1751   1.1259  -0.8931  -0.3534  -0.7069  -1.0465   0.5357   0.0143
 2 A     -0.7  -0.8606  -0.8184  -1.2776  -0.1433  -0.4801   -1.048  -1.5094   0.4112   0.7888    0.944  -1.0362    0.819   1.6614  -1.7426  -0.7647  -0.6157   -0.949   0.2028   0.3545
 3 A   -0.492   0.4575   0.0371  -0.4389  -0.3082   0.3013   0.0822  -0.3256   0.5457   0.0228   0.0261   0.0483   0.9018  -0.6181   0.2372  -0.0965   -0.181   0.8039  -0.4318   0.0553
 4 A   0.2984  -0.7233  -0.4751  -0.8858  -0.3322  -0.4189  -0.6141  -0.4305  -0.3968   0.1436    0.294  -0.7592   0.7817    0.406  -0.7496   0.7792   0.4323   0.2751   -0.021   0.2627
 5 A  -0.2175  -1.1139  -1.0229  -0.7591   -0.343  -0.8098  -0.5928  -0.7465  -1.3208   0.6709   1.2531  -1.2453   0.8706    0.352  -1.1174  -0.1157   -0.532  -0.2583   0.1208   0.4966
 6 A  -0.4416   0.6431   0.1146  -0.4453  -1.5169   0.5785   0.0843  -0.2582  -0.2525  -0.0563  -0.7245   1.0851  -0.1622   -0.316  -0.2102   0.4271   0.1192   0.5432  -0.1896   -0.428
 7 A   0.1771  -0.6196   1.5574   0.7838  -1.4356  -0.2171  -0.0947   0.2369  -0.4316  -0.8064  -0.8224  -0.3216  -0.3299  -0.9982   0.7299   0.6444   0.1177  -1.7045  -0.7297  -0.7172
 8 A   0.4282  -0.7734  -0.6992  -1.0954  -0.5265   0.2069  -0.5277  -0.8754  -1.2724   0.3907   0.9842  -0.6375   0.3344   0.0688   -0.257  -0.0773   0.2657  -1.3942  -0.5093   0.3557
 9 A  -0.1598  -0.4376   0.0506  -0.7801  -0.3473  -0.6611  -0.6556   0.3968  -0.4681   0.0894   0.1273  -0.6207   0.0384  -0.0906   1.1232   0.2095    0.386  -0.3847   0.0108   0.0943
