            A        R        N        D        C        Q        E        G        H        I        L        K        M        F        P        S        T        W        Y        V
 1 A  -0.5973  -0.7365  -0.4673  -1.0188  -0.0311  -0.5425  -0.8989  -1.0752   0.1288  -0.0087   0.4088  -0.7218   0.3634   1.7652  -1.6489   -0.234   -0.456    0.301   1.6991   0.0631
 2 A  -0.3422   0.4798   1.0079   0.2104  -0.7632   0.8225   0.2589  -0.7336   0.8531  -0.6081  -0.4445    0.803   0.0603  -0.6174  -1.2465   0.2503  -0.0172  -0.3301  -0.4113  -0.8353
 3 A  -0.1832   0.0621  -0.7344   -0.794  -1.3526  -0.2233  -0.3768  -0.7437  -0.3835   0.5354   0.1738   0.0666   0.3752   0.1594    0.107  -0.3174   0.0392   2.3855   0.1787   0.0872
 4 A   0.1931  -0.8285  -0.6357  -1.4661  -1.0846  -0.5649  -0.7896  -0.9897  -0.6898   0.8042    0.729  -0.7657   1.0538   0.1233  -1.4839   0.0507   -0.054   0.6637  -0.0658   0.7752
 5 A  -0.4902  -0.2333   0.2885  -1.1987   0.0182  -0.0076  -0.7761  -0.2666  -1.1251   0.4498   0.6044    0.092   0.2383  -0.2476   0.3114   0.0486   0.1734  -1.4278   -0.296   0.3095
 6 A   0.7067  -0.1469   0.6706  -0.3618  -0.3161  -0.2042  -0.0946   0.0247   0.7951   -0.968   -1.191  -0.2317   -1.051  -1.2021   0.6904   1.3613   0.4133  -1.7087  -1.1224  -0.7956
 7 A  -0.2062  -0.1066  -0.2039    -0.61  -1.2871  -0.4015   -0.214  -0.0064  -0.2561   0.0744    0.709  -0.0671    0.459  -0.2776   0.5894   0.0316   0.2008  -1.4246   -0.367  -0.1026
 8 A  -0.1234   0.4972  -0.4468  -0.6575   0.0875   0.1522  -0.4254  -0.7038  -0.0564  -0.0228   0.0864   0.3266  -0.0435   0.2339    0.332  -0.1524   0.2786  -1.1574   0.6811   -0.005
 9 A  -0.2947  -0.7701   0.0527  -0.4926   -0.143  -0.6456  -1.1143  -0.4507  -0.5119   0.4423   0.6661  -0.6157   0.6305   0.3786  -0.4215   0.1411   0.2087   0.3286  -0.7709   0.5829
