            A        R        N        D        C        Q        E        G        H        I        L        K        M        F        P        S        T        W        Y        V
 1 A  -0.7498  -0.9242  -1.2136  -1.8258  -0.3364   -1.035  -1.1942  -1.2408  -0.9984   0.1619   0.8572  -0.9159   0.5113   2.0895  -1.8701  -0.9304  -0.8295   2.0791   1.3372  -0.2171
 2 A   -0.683   0.4991   0.9151   0.0809  -0.6939    0.084   -0.287  -0.8042   0.6214   0.1602  -0.0852   0.7376  -0.1581  -0.1326  -0.7327  -0.1009  -0.0745   0.7341  -0.3045   -0.371
 3 A   -0.177  -0.1993  -0.6696  -0.8637  -0.7706  -0.3745   0.0714  -0.8546   0.3428   0.2249   0.4414   0.1738   0.4429   0.2133  -0.3601   0.1378  -0.2232   0.5266   0.7739   0.1632
 4 A   0.4245  -0.2071  -0.5419  -0.6203  -1.1692  -0.3029    -0.57   -0.885  -0.0043    0.373   0.5011  -0.4546   1.0372    0.074  -1.4096   0.3526  -0.1631   1.0543  -0.3979   0.3495
 5 A  -0.3124  -0.2976   0.1086  -0.8678  -0.3286  -0.4579  -0.7564    0.229  -0.1328   0.3156   0.4171   0.1165  -0.1062   0.0166    -0.32  -0.0128    0.156  -1.2529   0.4359   0.2886
 6 A   0.7061  -0.4963   0.9953  -0.2408  -0.5368   -0.144  -0.3497   0.0603  -0.0972  -0.7967  -1.0962  -0.4159  -0.7468  -1.0038   1.0926    1.241   0.2762  -1.7137  -0.8632  -0.6456
 7 A  -0.2332   0.1554    0.526  -0.5445  -1.4351  -0.0153  -0.0555   0.0808  -0.1848  -0.3937   0.0127   0.1783  -0.0895  -0.3733   1.1661    0.289   0.0874   0.2803  -0.4292  -0.4516
 8 A    0.044   0.3539  -0.7326  -0.8429   0.0235  -0.1904  -0.2105  -0.5201  -0.0619   0.2146   0.3301   0.5132  -0.1616   0.0833  -0.3208   0.2636    0.439  -1.4174  -0.4698  -0.1313
 9 A  -0.3894  -0.6394  -0.3119  -1.1221  -0.4063    -0.51  -1.1868  -0.8948   0.2346    0.647   0.6794  -0.6536   0.6092   0.4225  -0.3256   0.0419   0.1129  -0.0561  -0.2179   0.7675
