            A        R        N        D        C        Q        E        G        H        I        L        K        M        F        P        S        T        W        Y        V
 1 A  -0.5433   -0.626  -0.6227  -1.1311  -0.1038  -0.8082  -1.3597  -1.2389  -0.0442   0.1862   0.4889  -0.9525  -0.1065   2.0651  -1.7482  -0.6045  -0.5104    0.254   1.7102  -0.0584
 2 A  -0.9407    0.141   0.6997  -0.3891  -0.1326   0.2971   0.1528  -0.8334   0.5383  -0.4516  -0.0417   0.6944   0.3271  -0.2435  -1.4548  -0.0622  -0.2488   2.5828  -0.1053  -0.3897
 3 A  -0.2079   0.4345  -0.3378  -0.6581  -0.8328  -0.1526  -0.1809  -0.3928   0.2575   0.3095  -0.0818   0.5687   0.2143  -0.7018    0.683   0.2858   0.1532  -0.0597  -0.4525  -0.0664
 4 A   0.1977  -0.6399  -0.1231  -0.6153  -1.1652  -0.4709  -0.7303  -0.6849  -0.7689   0.4796   0.6677  -0.8286   1.1488   0.1469  -0.8459   0.1061  -0.3072   0.7265  -0.1459   0.5755
 5 A  -0.1835  -0.3385  -0.5036  -0.8554   -0.488  -0.4036  -0.6632  -0.6367  -0.0678   0.8172   0.7485    0.461   0.5325  -0.5409  -0.1111  -0.2758  -0.5764  -1.4454  -0.2753   0.4405
 6 A   0.4693  -0.1788   1.0642  -0.2956  -1.3209  -0.1939  -0.2117   0.3104   0.0983  -1.0193  -0.9475  -0.2621  -0.7059  -0.9463   0.7581   1.0628   0.4636   0.0982  -0.3432  -0.8655
 7 A   0.0777  -0.3124  -0.2053  -0.3907  -0.4458  -0.2028  -0.0547  -0.5661  -0.4576   0.2454   0.1658  -0.1859   0.4872  -0.2298   0.3843   0.3414   0.5528   -1.488  -0.5161   0.2745
 8 A  -0.0976    0.128   0.1179  -0.8745  -0.5809   0.0434  -0.3226   -0.447   0.7286   0.0469   0.0461   0.0316   -0.157    0.147   1.2288   0.1688  -0.4278   0.0475   0.2517  -0.4813
 9 A   0.0684  -0.5675  -0.7476   -0.839   0.2436  -0.0255  -0.7725  -0.3062  -0.0362   0.2726   0.5521   0.1481   0.1648   0.2692  -1.3958   0.2059    0.329  -0.3968  -0.3434   0.3739
