            A        R        N        D        C        Q        E        G        H        I        L        K        M        F        P        S        T        W        Y        V
 1 A  -0.7601  -1.0224  -0.9618  -1.7898  -0.4211  -0.8913  -1.2561  -1.5455  -0.2319   0.3084   0.6148  -1.4194   0.5461   2.1422   -1.148  -0.9762  -0.5819  -0.4081   1.8261   0.1238
 2 A  -0.9127   0.1325   0.6275  -0.5363    0.276   0.1176  -0.5476  -0.7553   0.1126   0.3714   0.3495   0.3205    0.199   0.1806  -1.5068  -0.2756  -0.0958   1.0588  -0.2568   0.3024
 3 A   -0.557   0.6346    0.144  -0.6297  -1.5618   0.3418   0.1168  -0.6372   1.1236   -0.287  -0.2116    1.044   0.1633  -0.4272  -0.1699    0.379  -0.4286   0.8077  -0.2696  -0.5384
 4 A   0.6246  -0.7005   0.0777  -0.5785  -0.6142  -0.3748   -0.384  -0.6529  -0.7098   0.3101   0.2418  -0.6754   0.4345  -0.1351  -0.0801   0.5304   0.5844  -1.4538  -0.4196   0.2151
 5 A  -0.4593  -0.3683  -0.6623  -1.1692  -0.4564  -0.2166  -0.7419  -0.8194  -0.2842   0.5425   0.9263  -0.3953   0.5354   0.5102  -0.2864  -0.1966  -0.1833   0.4902   0.3076   0.3257
 6 A   0.7005  -0.2748   0.4279  -0.1022  -0.3276  -0.3215  -0.3317   0.5065  -0.2684  -0.8158  -0.8533   0.0087   -0.614  -1.1449   0.8333   1.0441   0.0846  -0.5522  -0.6211  -0.5757
 7 A  -0.0281  -0.2342   0.9536  -0.3989  -0.7131  -0.2009  -0.3625    0.044   -0.432  -0.3347  -0.1765    0.057   0.1085  -0.1467   0.0072   0.7674     0.53   0.1104  -0.3891  -0.4584
 8 A  -0.0994   0.3058  -0.6738  -0.8952  -0.6538  -0.0602   -0.258  -0.6613  -0.7469   0.1791    0.464   0.3729   0.0117   0.0661     1.05  -0.1884   0.2093  -1.4696  -0.5192   0.0131
 9 A  -0.4313  -0.2874  -0.7315  -1.1768  -0.3924  -0.2194  -0.9466  -0.8131   -0.238   0.6533    0.766  -0.7511   0.4925   0.4293  -0.9879  -0.0324   0.1823  -0.1453   0.5582   0.6018
