            A        R        N        D        C        Q        E        G        H        I        L        K        M        F        P        S        T        W        Y        V
 1 A  -5.0403  -0.1698   0.5856  -0.9996   0.7504   0.2271   -0.496  -5.7983   1.1088  -0.4075   0.7055   0.3837  -0.7383   0.4544   0.1462   0.8345  -0.0997  -0.3093   0.0167   0.0661
 2 A  -0.4156   -0.609  -0.2381   0.0782  -1.0553   0.5986    0.433  -0.7468   -0.756   -0.053  -0.1537   0.4283   0.3837   0.2392  -1.1276   0.8293   0.2613   1.0751   0.2096  -0.4343
 3 A   0.0881   -0.008   0.0155   0.0494     -0.5  -1.4219  -2.1641   -1.525  -0.6338  -0.0871   0.8847  -0.0514   1.4555   1.2614  -0.8876  -0.5928  -0.7746  -0.3728   0.0998  -0.1377
 4 A  -3.0133  -2.3731   0.6692  -4.1722  -0.7493   1.0594  -1.8267  -0.5929   -4.926   0.8219   1.1572  -6.0954   0.6007   0.6989  -0.6805  -1.6501   0.2372  -0.1247   0.9277   0.7634
 5 A   0.1676   0.4925   0.7143   0.3312  -0.8479   0.4809    0.131  -0.2527   0.5952  -0.5928  -3.5854   1.6814   0.0032  -6.5926  -5.2439   1.4304  -0.1541  -1.9302    -6.21  -2.7489
 6 A   0.6282   -1.682   0.2757  -0.5309  -0.9436  -0.9265   0.5379   0.3148  -3.8612  -3.3043   0.4923  -1.4923  -0.0177  -2.2309    1.016   1.0286   0.4285   0.2654  -1.1465   0.1159
 7 A   0.3696   0.0437  -6.0825  -2.4968   0.6169  -0.5087  -0.9525  -0.2046   0.2642   0.7777   0.4477   -0.062   0.5788  -0.7524   0.3645   0.1768   0.3358  -0.6767   -0.314  -0.0667
 8 A  -0.2996   -1.191  -1.2521  -0.6911  -2.1863  -0.1173  -1.2734   -0.765   -0.899   0.0438   1.1854   0.0864   0.6679  -0.3135   0.2228   0.3802   0.6022   -6.264   0.5476  -0.0675
 9 A  -1.6089   0.0719   1.0805  -0.0963  -0.2549  -0.4749   0.1477  -4.4826  -0.2761  -0.9827    0.459   0.3121  -5.5838   0.4419  -2.0517   1.4244   0.3792  -0.0732  -1.1815    0.191
