            A        R        N        D        C        Q        E        G        H        I        L        K        M        F        P        S        T        W        Y        V
 1 A  -0.9374  -0.4755  -0.2954  -6.1919  -0.4262   1.4136  -1.5292   -1.751   0.3913   -0.306   0.9084   0.6583   0.1663   0.7141  -3.5749    0.924  -0.7056   1.2393    0.416  -0.5755
 2 A  -0.7396  -0.1872  -0.1712  -0.8825    0.428  -4.9801  -1.0253  -0.1221   0.1994   -1.632   0.7545   0.0761  -0.2819    0.516  -0.1102   0.9063   0.5675  -1.7285   0.1914    0.216
 3 A  -0.8907  -6.0507    0.426   0.5897  -1.9665  -0.7858   0.5373  -1.0974   -0.801   0.6073   0.6219  -0.1645   1.2328  -0.4031    0.377  -3.7468  -1.0214    0.508   1.2784   0.2276
 4 A  -0.4542   0.1999  -2.6431  -0.1312   -0.499   0.3998  -4.2832  -6.4885   -6.193   0.5563   0.8213   0.5504   0.9162     1.23  -1.3343   0.3792   0.1933  -6.2924  -2.7283   0.3501
 5 A      0.1  -0.4606   1.0797   -0.663   0.7831   0.5978  -0.0848  -0.4798  -0.5172  -1.1461   0.8511  -0.3388  -0.4558  -4.5196   -0.445    0.669   0.4282  -6.6427  -6.2081   0.0029
 6 A  -0.1287   0.4695   0.5575  -1.2938  -0.4279   0.1623    0.827    0.448    0.542   0.3192  -4.7044   0.5934   0.7901  -2.3848   0.4821   1.0902   -2.439   0.4672   -1.191  -1.0509
 7 A   0.1656   -0.361    0.118  -0.2111  -0.3886   0.6351  -0.1818  -1.7168  -1.2221  -0.6483   0.6551  -5.8039   0.7795   0.0576   0.5658   0.5686   0.8787  -0.3111  -1.0048   0.0048
 8 A   0.1171  -0.0313  -6.0459  -6.3172  -6.2242  -0.7521  -2.1611  -0.5885   0.1524   0.0814   0.7149     0.85  -5.4176   0.3229   0.3098   0.9058  -0.0988   -4.361  -0.0711   0.7712
 9 A  -0.8837  -5.9864   0.3125   0.3265  -0.1905  -0.5946  -0.5874  -0.7942  -0.0732  -0.4057   1.0162  -0.1126   0.0919  -0.2293   -1.518   0.9622   0.8788  -6.3348   0.1137   -0.223
