            A        R        N        D        C        Q        E        G        H        I        L        K        M        F        P        S        T        W        Y        V
 1 A   -2.457  -1.1838  -0.0127  -6.0582  -0.7979   1.2069   0.2233  -6.4237  -0.4773  -0.7622   1.2883   0.3296   0.1671   0.2424    0.443   1.3737  -4.4099   0.3117   0.6603   -1.081
 2 A   -0.544   0.5571   0.0183     0.44  -0.0724  -0.6875  -2.2117  -1.3264  -4.2976   0.4037   0.2952  -0.2276   1.1132   0.7559  -6.4165    0.527   0.7351   1.2385  -0.8024  -0.3925
 3 A   -0.639   -6.002   -1.977   0.0616    0.525  -5.8757   -1.434  -0.0646   0.0818  -0.4179   0.5062   0.6915   1.1741   0.7998  -0.5708   0.4754  -0.8666   0.6479   0.9609   0.2946
 4 A  -0.1525  -0.7841   0.4692  -1.3403  -0.1601   0.7445  -0.2718  -2.1808  -0.1845    0.582   0.3827  -2.1479   0.5975   0.7501   -1.292  -0.4721   0.0342  -6.0554   1.2884   0.5638
 5 A  -0.5298   0.6953   1.1563  -0.2078   -0.018   0.2962   -0.509  -0.5726   0.7409  -0.1816  -0.3941   1.0892  -0.2546   -6.304  -0.3533  -0.1082   0.0354  -1.9283  -2.6429   0.3865
 6 A  -0.0689   -1.594  -0.0246  -0.4592  -0.7056  -0.1783   0.7316   0.2234  -0.8963  -4.4493   0.7112  -0.1091  -1.0426  -1.6776   0.8235   1.4974  -0.9339   -3.591  -0.7072  -0.0567
 7 A   0.0559  -0.3265   0.4709  -1.0005  -0.6191  -0.0126  -0.5519  -0.3133   0.3492   0.5734  -0.0418   -0.401   0.2336  -0.8815   0.0326  -0.6222   1.0663  -0.3117  -0.7374    0.499
 8 A    0.283  -0.3923   -1.979  -6.3022  -3.8425   0.1904  -3.1701  -0.4192  -6.1398   -0.812   1.1235   0.2129   0.3672   0.8223   0.9895   0.9436   0.5316  -6.3023  -0.6642  -0.9476
 9 A  -1.4268  -0.5905   0.0777   0.0422   0.0372  -0.7811   0.4132  -1.5479  -0.9969   0.4688   0.6505   0.4532   -0.418  -0.2654  -6.3211   1.2615    0.514  -0.6767  -0.5713  -0.4676
