            A        R        N        D        C        Q        E        G        H        I        L        K        M        F        P        S        T        W        Y        V
 1 A  -3.7668  -0.4645    0.259  -1.7061  -1.0531   0.1175  -3.9093  -5.9045  -6.0079   0.1573   1.2137  -0.2591   0.9314   1.5594  -1.5762     0.58  -0.6234  -0.0134   0.9413   0.2446
 2 A  -0.9702   0.3324   0.6844   0.1381   0.1374   0.6129   0.3777   0.1003  -0.2757  -0.4843  -0.3524   0.7801  -1.6615   -0.455  -1.4196   0.6911   0.4566   0.1766  -1.5709  -0.7125
 3 A  -0.2116  -1.0158   0.5056   0.4344    0.344  -0.5583   0.4057  -0.5183   0.4496  -3.9495   0.3806   0.7514   -0.103  -3.0121   0.3245   0.9808  -0.5227   0.8321  -0.0531  -0.5707
 4 A  -0.1345  -6.2584  -3.3917  -0.4372  -6.2201   0.5534   -0.818  -1.8908  -0.1022   1.2333   1.3061  -2.0652   1.3031   0.8351  -6.5952  -3.9558  -0.7541  -0.3706   1.0042   0.3032
 5 A  -0.3908  -0.6324   0.0161  -2.3531   0.9607   0.1202   -0.535  -0.6739  -3.2626  -0.2416   0.4171   0.2811   0.5236  -0.0128   0.2668   0.2579   0.3048  -1.7342   -0.603   0.8999
 6 A   0.4658   0.0617   0.5579   0.3486  -0.9998   0.6882  -0.3716  -0.5166     -0.8  -1.2273  -0.7749   0.8717  -5.8429  -2.1726   0.2395    0.958   0.2844     0.39  -0.4549  -0.0671
 7 A  -0.0425   0.1998   0.8162  -5.9269  -0.7059   0.6743   0.1348  -0.0335  -0.3406  -0.9318   0.3934  -1.8525   1.0484   0.2003   0.5778   1.0398   0.6627  -1.9193  -1.5051  -3.1357
 8 A   0.4044   0.0444  -2.2331  -0.8401   -0.996  -1.0078   -2.338  -0.7322  -0.2805  -0.6467   0.9996   0.1928  -0.1847   0.5254   0.4812   0.6452   0.6112  -6.3624   -1.045  -0.0992
 9 A  -2.6619   -0.446  -0.5768   -0.333  -1.0511  -1.3158  -0.5711  -0.7039   0.3067   0.6593   0.9937  -0.5473  -0.1232  -1.2031  -1.2894    1.211   0.9146  -6.4841  -1.7015   0.3924
