            A        R        N        D        C        Q        E        G        H        I        L        K        M        F        P        S        T        W        Y        V
 1 A  -0.8142   0.2868  -0.1174  -3.0222  -3.4734  -1.8225  -0.0965   0.2683  -0.1603   -1.738  -0.0177   1.4608  -2.7224   1.1614  -2.2983   1.1129  -0.7247   1.8366   -0.143  -0.6241
 2 A  -0.2805  -0.0545  -2.2769  -1.1047  -0.7602   0.0602  -1.8775   0.1131    0.253   0.8131   0.6625   0.5532   0.3263   0.2262  -3.4476   0.3507  -1.7523  -3.1138   1.0742  -0.0439
 3 A  -0.4048    0.776  -3.3765  -1.7206  -0.1256  -2.0058  -1.0823  -3.6904  -3.0344   0.3612   0.5746   0.5506   1.3102   1.2459  -3.5966  -1.9723  -2.2421   1.2228   1.2535   0.9415
 4 A  -1.3367  -1.7865   1.1494  -0.1036  -3.4236   1.1943  -1.7709  -1.4288  -0.7357  -0.5769   0.7527   0.1874   0.8879   0.5064  -0.2786    0.284  -0.7334   0.7569   1.0797  -0.4564
 5 A   0.3271  -1.8906   0.9695  -1.8651   -1.196  -0.2835  -0.2322  -1.3817    0.245   0.2415   0.9731  -2.8723   0.7701  -1.4106   0.4408   1.2892   0.4621  -3.5719  -3.0579  -1.0293
 6 A  -0.1035  -0.5934     0.69   -2.336  -1.9476  -0.7284  -0.4887  -0.6109   1.4417   0.8692  -0.1827   0.1914  -2.6682  -0.6747   1.0615   0.8195  -0.1365   1.6946  -0.9632  -1.2411
 7 A  -0.8606   0.8902   -0.887  -0.9118  -1.2232  -1.0926  -2.4163  -0.7935  -0.8348  -0.0071    1.153  -0.5789   1.0195   0.7286   0.9779  -1.9167  -0.1632  -0.4629  -2.7624   0.5781
 8 A   0.2368  -1.4622  -1.6067  -3.0617  -0.1105  -1.0335  -2.8558   1.0713   0.4176  -0.6423  -1.3504   0.4926  -1.7788  -0.9248  -2.2124   1.7389   1.4568  -0.4767  -0.7127  -0.0267
 9 A  -0.4741   1.0667   0.6053  -0.2249   -1.927   -2.685  -0.2252  -2.2698   -3.016   0.5549   0.4536    -0.17  -1.6036  -0.8508  -0.9619   0.9177   -0.707   1.5492   -0.209   0.4621
