            A        R        N        D        C        Q        E        G        H        I        L        K        M        F        P        S        T        W        Y        V
 1 A  -0.2893   0.5278  -1.7676  -1.3294   -1.228  -2.6237  -0.4926  -1.4624   0.0448   0.9932   0.7304    1.526  -2.3627  -1.3488  -3.3716  -1.0599   0.2658  -1.2756   0.2975   0.3717
 2 A  -3.1038  -0.6394  -2.4131  -0.7366  -3.4295   1.6081  -1.5541  -3.7779  -2.9115  -0.5113   1.3656  -2.4038  -1.4344   1.9675  -3.7169  -1.3816  -0.0646   2.2843   1.4197  -0.4198
 3 A  -0.1805  -1.1671   0.6088  -0.6389   0.1109   -0.463   0.1089  -0.4994    0.055   0.2384    0.182    0.745   1.2907  -3.0413  -0.2638   0.5169  -0.3924  -1.3125  -0.4591   0.1495
 4 A   0.2524  -3.1175   0.7581  -1.2862  -3.3037  -0.7802  -1.0476  -0.1043   0.5781   0.6972   0.2759  -0.7646  -2.5365   1.0564  -0.6994   0.9205  -0.5514    1.957  -0.5917   -0.642
 5 A  -0.5841  -0.6356  -0.6595  -2.0225  -3.2151     0.57  -0.8588  -0.2204  -0.4693    0.477   1.4131  -1.6071     1.23   -0.131  -1.3122   0.5583   -1.144  -3.2896  -0.1983   0.1201
 6 A  -1.0408   1.0297  -2.0953  -3.0757     0.79  -2.5748  -1.2187   0.9034  -1.8799  -0.2314  -1.3297   1.1144   0.8533  -0.3737   0.5521   1.6679  -0.3743  -3.5694  -2.0844  -1.1581
 7 A   0.6497   0.4966  -0.2695  -1.0448  -3.2684  -0.0929  -1.0062   0.4009  -0.1887  -0.2837   0.6987  -0.6914   -2.594  -1.8512   1.2664   0.8271  -0.0171  -3.6287  -2.1051  -0.8081
 8 A  -0.4737   0.0578   0.6838  -1.9549  -3.2783  -1.0455  -2.9394  -3.3393   0.2564   0.1779    0.504   0.2697   0.7667   0.3175  -3.4048   0.9727    0.673   1.8362   0.3365  -0.0626
 9 A  -0.1098   -0.624   0.5941  -1.6081  -3.2001   -1.987  -1.0565  -2.3054   1.0696  -0.2628   0.5973  -0.5966   1.3052  -0.0173  -0.4722  -0.6851   0.8592  -3.2984   0.0054   1.1562
