            A        R        N        D        C        Q        E        G        H        I        L        K        M        F        P        S        T        W        Y        V
 1 A  -1.4785    0.432  -2.9508  -1.9486   -3.361   0.5956    0.007  -1.9536  -0.4327    0.428   0.1352   0.2857   0.3096   0.5839   -2.327   1.3894    -0.54   2.0721   0.5977  -0.0721
 2 A  -0.8144   -1.236  -0.8338  -0.3799  -3.3351  -2.8642  -1.0449   0.6606   0.0529  -0.2304   0.0226   0.3305    0.466   0.4985   0.1883    0.432  -0.5638   0.0799   0.9895   0.7912
 3 A  -0.7146  -0.2033   0.8157  -3.2934  -0.3994    0.186  -1.9607  -0.5276  -3.1607   1.2655   0.6039   -0.758  -2.3007   1.0608  -3.5437  -0.0901  -0.4071  -0.4459  -0.6299   0.7451
 4 A  -2.0514  -1.4575  -1.7771  -0.7103  -3.3227   1.4513   -2.839  -0.6585   0.2578   0.4654   1.2091   0.3413   1.9481   -0.247  -3.5013   0.1794  -1.7615  -3.1082    0.987   -0.387
 5 A    0.195   0.6451   1.0982  -1.4892   0.6442  -0.2594   0.0056   0.4622   0.0597   0.0204  -1.2152  -1.2282   0.4291  -3.3504   1.2654   0.3924   0.3634   1.3766  -2.0843  -2.0568
 6 A   1.0594  -0.6113   0.1009  -2.4702  -3.1832  -1.9827  -1.5458  -2.2058   0.5667   0.5583   0.7901   0.1803  -0.6404  -0.4849   1.2001   0.7034  -2.6512   0.0417   -2.913   0.0292
 7 A  -0.9825   0.0256  -1.4264  -3.4233  -3.2295  -2.9614   -1.093   -2.836   0.4165   0.3489   1.0797  -1.1314   0.6588   1.6799  -3.5227   0.8551   0.5202  -1.1867   0.2302   0.0422
 8 A  -0.1784  -0.2731   1.1604  -0.3269  -3.2822  -0.9893  -0.6133  -1.8725  -0.4257  -0.7223  -0.2456   0.6341   0.4565  -1.1165   -1.251   0.4061   1.7051  -3.3659   0.4289   0.1343
 9 A   -0.919   0.2668   1.1059  -0.9821  -0.7722  -0.2513  -0.7809   0.4644  -0.7738   -0.799     0.37   0.4429  -1.7335  -3.3236   0.7436   1.5434  -0.2374   0.4183  -3.2266  -1.3521
