            A        R        N        D        C        Q        E        G        H        I        L        K        M        F        P        S        T        W        Y        V
 1 A  -1.5242   0.3296   0.1018  -1.6296   1.0392  -0.5196   -1.298   0.1106  -0.4642   0.7594    0.795   0.1786  -1.5509   1.1148  -2.3878   0.3453   -1.767   0.4486  -0.6207  -0.5135
 2 A  -1.7908  -0.0462  -0.2757  -0.3793  -0.7953   1.1944  -2.1962  -0.4142   1.0927  -1.6512  -0.2405   0.1064   0.4578   0.9565  -0.2842  -0.4293   -0.435   1.7153   1.7523   0.1063
 3 A   -0.344  -0.4176  -2.9338  -2.3892   -3.214  -1.8631   0.3638  -1.4192  -3.1033   0.3196   0.5051   0.9086   0.4852    0.482  -3.2788   1.3623   0.8103  -3.3285  -0.6698   0.0968
 4 A   0.0479  -2.4944  -2.4156   -1.712  -1.1795   -1.547   -2.508  -1.2599  -0.2192   1.1357   1.1722  -1.4179    1.834   0.2285  -2.3909    0.795  -1.3924   1.5522  -1.8527   0.3461
 5 A  -0.3799   0.8644  -2.9806  -3.1819  -1.9863   0.3756  -0.2123   0.6599  -1.7968  -0.6453   0.2088   1.2001     1.19  -2.8805   0.9873  -2.1742   0.2533   0.7484   1.1384  -2.0375
 6 A   0.3882   0.4897   1.6691  -2.9248  -3.2572  -2.8143  -2.3278   0.3475  -3.0299   0.4716  -0.1847  -1.5241  -2.6927  -0.2073   0.6468   1.1691     -0.0  -1.3317  -3.0859  -0.0801
 7 A   -0.846    -0.33  -0.8749  -0.8962  -3.2908  -2.9758  -1.5976  -0.3174  -1.2822  -0.6412   1.6567  -0.1162  -0.9527   0.8763   1.1933   0.2678   -0.423  -3.2899  -0.6482  -0.7613
 8 A  -0.5561   0.0678   0.5359  -1.2452   0.6518   0.0892  -0.4686  -2.6436   0.7323  -0.0892  -0.3139   0.1198  -0.6991  -0.4688   -3.271   1.2524   1.1423  -3.2625   0.7888  -0.0069
 9 A   0.0492  -0.9544   0.9076   0.0132    -3.32   0.5928  -0.4621  -0.6147   0.9659  -0.9456   0.2185   0.1929  -0.1086  -3.0715  -1.2826  -0.1592  -0.2618   1.5451  -1.4135   1.1364
