            A        R        N        D        C        Q        E        G        H        I        L        K        M        F        P        S        T        W        Y        V
 1 A   0.3837   0.1742   0.9313  -0.3872   -1.363   1.6808   0.1288   0.6999  -0.3494  -1.4674  -1.3724   1.2884  -0.8294   -1.665  -0.8384  -0.0731  -0.4594  -1.4425  -1.0664   -1.159
 2 A  -0.3823  -0.6084  -0.2186  -0.7588  -1.1213  -0.2613  -0.4459  -0.9713   2.8682   0.2166   -0.463  -0.5748   1.0099  -0.7072  -1.0517    0.956   -0.303  -1.1136   0.0041  -0.4409
 3 A    0.968  -0.4736  -0.3537   0.7693  -0.8977  -0.3718  -0.2581  -0.6048  -0.7777  -0.9147  -0.9165   0.5163  -0.7006   0.7625  -0.7862   0.7153   0.6984  -1.0954  -0.4193  -0.6584
 4 A  -0.5422  -1.2078  -0.7409   0.6285  -0.9157  -0.9435  -0.8321   0.4779  -1.2928   0.7247   0.8619  -1.0202   0.0718  -0.5941  -1.2506   -0.562   0.5554  -1.3279  -0.9982   0.6167
 5 A   0.4116  -0.3864    -0.68  -0.7891  -1.2802   0.8924  -0.2811   0.6357  -0.7997  -1.4614  -1.4373   0.6045  -1.0617   -1.788   2.6657  -0.2438  -0.5713  -1.7789   -1.258  -1.1709
 6 A  -0.7722   0.5618  -1.4763  -1.7337  -0.8598  -0.8984   -1.282   -1.828  -1.3368   0.9647   1.5839  -0.7462   0.5264  -0.2212  -1.5094  -1.1621  -0.6337  -1.1603  -0.7634    0.778
 7 A    0.915  -1.3503  -1.4672  -1.5548   1.8665  -1.1193  -1.2647  -1.0702  -1.4697   1.1622   0.5614  -1.1291   0.0725  -0.6048  -1.1709  -0.4913  -0.4202  -1.3748  -0.9341   0.8519
 8 A  -0.8263   0.9167   0.7918  -0.7416  -1.4033    0.991  -0.2894  -1.1458  -0.4785  -0.6237   0.2352   0.7171   1.0584  -0.6856  -1.2495  -0.5426  -0.6126   2.6706  -0.4348  -0.7302
 9 A  -0.6615  -0.2623  -0.5942    0.683  -1.2207  -0.3831  -0.4074   0.5114  -0.9722  -0.2681   1.0697   1.0639   0.0183   -0.704  -1.1363   -0.657  -0.7084  -1.3208  -1.0225  -0.5068
