            A        R        N        D        C        Q        E        G        H        I        L        K        M        F        P        S        T        W        Y        V
 1 A   1.2316  -0.7469  -0.8474  -1.0822  -0.9045  -0.6915  -0.8136   1.2671  -1.0093   0.1102  -0.6888   0.3228  -0.6137   0.6738  -0.9842  -0.1717  -0.5668  -1.1081  -0.5394  -0.3579
 2 A  -0.4318  -0.7763   -0.774  -1.1289  -1.0463   0.7288  -0.5983  -1.2952  -0.1153  -0.1229  -0.5418  -0.6526  -0.3792   0.2873  -1.1471   0.3616   0.5742  -0.0821   2.3331   0.7324
 3 A  -0.4949   1.4637  -0.5444  -0.8354  -1.3899  -0.0168  -0.3033  -1.0811  -0.6693  -1.1293  -0.8803     1.24    0.807  -1.4154   1.9838   0.3875   -0.436  -1.5532  -1.0931  -1.0395
 4 A  -0.7677  -1.2241    -1.35  -1.5448  -0.9308  -1.0583  -1.2929   -1.633   -1.263   0.6894    1.236  -1.1323   1.2482   0.9359   1.0669  -0.8125   0.4339  -0.9682  -0.3367   0.1023
 5 A   0.9431   0.6425  -0.5855  -0.8628  -0.8083   0.8281  -0.3665  -0.7239  -0.7841   0.3145  -0.6031  -0.2069  -0.4159  -1.1216  -0.8827   1.0118  -0.1163  -1.4202  -0.9679   0.3915
 6 A  -0.7417   0.5277   0.7067   0.6135  -1.2752  -0.5837  -0.6539    0.414  -0.7957  -0.3171   0.1899   -0.544   0.9563    -0.69  -1.3944  -0.6391  -0.6564   2.5037  -0.6169   0.1416
 7 A   0.3594  -0.3158   -0.653  -0.8307  -1.2138  -0.3624  -0.4694   0.5186  -0.9564  -1.3223  -1.3763   1.0347  -1.0713   -1.708   2.5142  -0.1525   0.4919  -1.7643  -1.2894  -1.0448
 8 A  -0.6543  -1.4105  -1.3198  -1.5899  -0.9405   -1.263  -1.5568   1.0799  -1.4801   1.0914   1.4428  -1.2935    0.351  -0.3359  -1.5202  -1.0573  -0.7708   -1.217  -0.9411    0.241
 9 A   1.1928  -0.8164  -0.9979  -0.8172   -0.815   0.7893   0.5359  -0.8558  -0.9122   1.1862  -0.2376  -0.5117  -0.2152  -0.9063  -0.9627   -0.237  -0.4223   -1.388  -0.9459   0.2706
