            A        R        N        D        C        Q        E        G        H        I        L        K        M        F        P        S        T        W        Y        V
 1 A   0.3309   0.2985  -0.6781  -0.8891  -1.1487   0.0137  -0.2275  -0.9856  -0.8071    0.308   0.2065   1.8904  -0.2405  -1.0137  -0.8554  -0.3596  -0.5042  -1.3785  -0.9529  -0.2753
 2 A   0.9041  -1.1314   -1.313  -1.5202  -0.7518  -0.8884  -1.0547   -1.066  -0.4473   0.2136   0.3826  -0.9903  -0.0818   0.2258  -1.1498  -0.4706  -0.4734  -0.2636   1.9571   0.9492
 3 A  -0.4101   1.2199  -0.2243  -0.3092  -1.5422   1.2665   0.9825  -0.9276  -0.3512  -1.5316  -1.3623   1.7555  -0.8177  -1.6662  -0.7548    0.554  -0.3487  -1.4234  -1.0167  -1.2665
 4 A   0.1587  -1.4017   -1.563  -1.7201  -0.9423  -1.3704   -1.444  -1.4141  -1.1091   0.6818    1.008  -1.3719   0.2289   2.2024  -1.5475  -0.9285   -0.781  -0.4196   0.4766   0.0751
 5 A   0.3561   0.7285  -0.8421  -1.1296  -0.8652   0.8641  -0.5027  -1.1408  -0.8939    0.023   0.7872  -0.2666   0.0584  -0.7278  -1.0754  -0.3131   0.6063  -1.2551  -0.8571   0.4603
 6 A    -0.57  -0.5748   0.7523  -0.7944  -1.2121  -0.5505  -0.7462   0.5559  -0.7668  -0.3331  -0.4191   0.4196   0.9703   0.8264   1.2424  -0.5146  -0.5665  -1.0833  -0.3995   0.1867
 7 A   0.6546  -0.9939  -0.4866  -0.7968  -0.8638  -0.6746  -0.7257   1.4009  -1.0088  -0.6885  -1.0833  -0.6614  -0.8386  -1.3515   1.3077   1.0792  -0.1558  -1.5544  -1.2213    0.118
 8 A  -0.1643  -1.1867  -0.6141  -0.9556  -0.8977  -0.8874  -1.0177   1.3261  -1.1509   1.2525  -0.2691   -0.884  -0.2874  -0.8334  -1.1136   0.9401  -0.2221  -1.3896  -1.0833   0.2111
 9 A   0.9052  -0.4022  -0.7165  -0.5882  -0.9637   1.6326   0.8233  -0.8463  -0.5513   0.2924  -0.3369  -0.1614   1.0524  -1.0208  -0.9075  -0.1668  -0.4193   -1.279  -0.8676  -0.1703
