            A        R        N        D        C        Q        E        G        H        I        L        K        M        F        P        S        T        W        Y        V
 1 A  -2.1783  -0.5618   1.5773  -0.5868   -2.933   1.0681  -0.3533  -2.0256   1.0593   0.0377  -1.2714   0.0469  -0.1789  -0.7947  -0.6635    1.498  -1.0741   1.3704   0.9078  -0.1541
 2 A  -1.0038  -1.7358  -0.8695  -1.9547  -1.3581   0.7719  -0.2635  -3.0628  -0.6299   0.1397   1.0592   0.2401  -0.0431   1.7298   0.9285  -0.3553  -1.2407  -0.5745   0.6569  -0.8302
 3 A   0.8125  -1.4828  -3.1291  -3.2747   -1.248  -2.7856  -2.0844   -3.064  -2.7569   1.2896   1.1437   -2.053   0.3128   1.7429  -1.1803  -1.0743  -2.2973  -2.3987   0.6563   0.5241
 4 A  -0.7153  -0.0307  -0.8147  -1.3863  -2.7105  -1.3865   0.0614  -0.4546  -2.6306   0.3529   0.9279  -0.3256   1.3414  -2.2605  -2.8976   0.9274   0.1774   2.5787  -1.3803  -0.0496
 5 A   0.7304   1.1195   0.6393  -0.6168  -0.6309  -1.9208  -1.1412     0.37   1.0366  -2.8893  -2.9155   0.7307  -2.5706  -0.3832  -1.0342   1.6173   0.2103   0.1308  -2.4187  -1.3598
 6 A   0.1193   -0.673   -0.045  -2.5617   0.2061   0.4658  -0.2521   -0.004   0.6575   0.3937  -0.5629  -1.7281  -0.5618   0.1245   1.3593   0.7785  -1.5579  -2.7303   0.7509   0.2245
 7 A  -0.1175  -1.1317  -0.2575  -0.7222  -2.7273   0.0888  -2.2466   -1.051  -2.6319   0.0298   1.1635   1.3779   0.2477  -1.2016   0.8172   0.5944  -1.1386  -3.0523  -2.5912  -0.0684
 8 A  -0.6766   0.2866   0.9441    -0.21  -0.6305  -0.8249   -0.897   -0.113   0.1834  -0.3433  -0.3768  -0.4699  -0.5913  -1.6255   0.1607   1.4989  -0.5169  -0.6474   1.1455   -0.025
 9 A   0.2987  -0.6019    0.578  -0.6783  -2.7357   0.4865  -0.0529  -0.8081  -2.4884   -0.096   0.6156   0.3878   0.8811  -0.0693  -0.0731   0.0323   -0.827  -2.8887  -0.8485   0.4216
