            A        R        N        D        C        Q        E        G        H        I        L        K        M        F        P        S        T        W        Y        V
 1 A   0.4884  -0.1224  -0.0356  -0.8138  -1.0323   0.5383  -0.1172  -0.9368   0.7509  -0.7314  -0.3696  -0.4912  -0.5376   0.5755  -1.0092   0.6378   1.1233  -0.8892    0.677  -0.3683
 2 A   0.9459   0.3101  -0.6719  -0.2862   1.4306   0.7773   -0.089  -0.8477   0.0676  -0.4781  -0.3563   0.3403   0.4226  -1.2198  -0.9637   0.3682    0.201  -1.4636  -1.0095  -0.5592
 3 A   0.7586  -0.8253   0.0427  -0.9161  -1.0867    0.606  -0.5657  -0.8195  -0.7977  -0.9792  -0.8043  -0.6024   0.8971  -0.0564   1.5382   0.7542   -0.391   2.6136  -0.4614  -0.8218
 4 A  -0.6059   0.8238  -0.4936   0.3182   0.8123   1.2344    0.706   -1.253   1.1734   0.1412  -0.4569  -0.1731  -0.5216  -1.1912  -1.1514   0.2921  -0.5233  -1.4527  -0.8123   0.0593
 5 A   0.8315   0.1801  -1.1525  -0.6187  -0.9245  -0.6427  -0.8816  -1.1372  -0.8045   0.1948   0.6681  -0.1284   1.5509  -0.3141  -1.2123   -0.537  -0.6004  -0.8657   0.8835   0.2363
 6 A   1.0032  -1.0035  -1.0191  -1.0792  -0.8509   0.0658  -0.0462  -0.9555  -0.9591   0.5188  -0.0654  -0.7741   0.3272   0.1564  -1.1011   0.4048  -0.0828   1.1474   0.1269   0.5839
 7 A   -0.711   1.2386   0.2665   0.3798  -1.5823   0.9432  -0.2336   0.5971   0.7819  -0.8757  -1.2137   0.7061  -0.8774  -0.1545  -1.1367  -0.3752   0.3283  -1.1446   0.1625  -1.1109
 8 A   0.9182  -0.4305  -0.9987  -1.1148  -0.9214   0.0676  -0.7217  -0.9411  -1.1532  -0.4041  -0.3572  -0.6373  -0.5998  -1.2956   2.3163     0.13   0.3232  -1.7215   -1.164   0.4827
 9 A    0.092  -1.0213  -0.2593  -0.4555   -1.001  -0.7616  -0.2394  -1.2856   0.2493   0.4465   1.0625   -0.656   0.5658   0.4762  -1.3101   0.1324  -0.5525   -1.016   0.1746   0.2176
