            A        R        N        D        C        Q        E        G        H        I        L        K        M        F        P        S        T        W        Y        V
 1 A   0.0873  -0.6137  -0.8029    -0.98  -1.0884   1.3596  -0.0454   0.0702  -0.8547   -0.274   0.4057  -0.0982  -0.2137   0.6271  -1.1683  -0.0527   0.3403  -1.1265  -0.5242   0.3032
 2 A  -0.5957  -0.7311   0.0909  -0.7351  -1.2017   0.1493   0.4022  -0.0105   0.3136   0.5429    -0.54  -0.0657   0.2108  -0.0932  -1.1772   0.0077   0.8957    1.536   0.2611  -0.0083
 3 A   0.5884   1.5428  -0.5422  -0.0005   0.6344   0.2101  -0.4196  -0.9162  -0.7684   -0.867   -0.572   0.2136   -0.658  -0.0999   -1.025   0.7301   0.0559  -1.3495  -0.8387  -0.3114
 4 A   0.5358  -0.5041  -0.7139   0.4339   -1.222   0.9895   0.6539  -1.0493   -0.637  -0.6928  -0.1419   0.3341   0.7946  -0.8889   1.1624  -0.3827  -0.6068  -1.2129   0.2769  -0.3467
 5 A   0.5705  -0.6144   0.3224   0.5957  -1.1601   0.1876  -0.3333   -0.769   0.9765  -0.3619  -1.1081   0.1361  -0.8157  -1.0154  -1.0238   0.9359   0.0791   2.6767  -0.4773  -0.7748
 6 A    0.683   0.4677    0.498  -0.9715  -0.9642  -0.5255  -0.7468  -1.0153  -0.9776   0.8974  -0.0518   0.5273  -0.2964  -0.9633  -1.0952  -0.3293   0.3333  -1.4695  -1.0333   0.4728
 7 A   1.2589  -0.8998  -0.9177  -1.0418  -0.7562  -0.6593  -0.3371  -0.1585  -1.1448   0.3236  -0.0308   -0.158  -0.3696  -1.0243   0.1515    0.697  -0.2746  -1.5054  -1.0661   0.6381
 8 A  -0.0426   0.2064  -0.0843  -0.8232  -1.4528   0.4587   0.2124   -0.343    1.749  -1.0125  -0.2271    0.452  -0.5986   0.6333  -0.3275  -0.1614  -0.7501   1.2038   1.0313  -1.0094
 9 A   0.8434  -0.4656  -1.1588   0.0972   1.9134  -0.9714  -0.9385  -1.0952  -1.3505   0.1923    0.581  -0.9337  -0.2192  -0.9022   0.8092  -0.5096  -0.5696  -1.5652  -1.1317   0.4912
