            A        R        N        D        C        Q        E        G        H        I        L        K        M        F        P        S        T        W        Y        V
 1 A    0.035  -0.8707  -1.1326  -1.3772   1.3149   0.5756  -0.8188  -1.2992  -0.7335   0.2874   0.0554  -0.2689   0.5462  -0.2608  -1.3625   0.0383   -0.587   2.6868   1.1927   0.3184
 2 A   -0.019   0.9367  -0.2088  -0.7799   0.5409   0.4917   0.3071  -0.6118  -0.7455  -0.4454  -0.6978   0.3892   0.5432     0.35   -1.092   0.5734   0.2715  -1.2375  -0.6707  -0.0899
 3 A   0.4965    1.127  -0.5758  -0.8447  -1.2407   0.9308   0.1011  -0.4514   0.5414  -0.9976  -0.1369   0.7032  -0.5602  -0.9021  -1.0104   0.3682   0.0577  -1.1041   0.4398  -0.8541
 4 A   0.3223  -0.9573  -1.1377  -1.3574    0.761  -0.8357  -1.0384  -1.2309  -1.1958   0.6858   0.3379  -0.1061   1.2049   0.2936   0.4535  -0.0988   0.5017   1.4102   -0.568  -0.0613
 5 A   0.7072   0.4328  -0.3931   0.8564  -1.0811   1.3125  -0.0986  -0.8303  -0.7358  -0.2177  -0.9575   0.0663  -0.6678  -1.3979  -0.9406   0.7985     0.15  -1.5566  -1.1232   0.0222
 6 A   0.8314  -0.9408  -0.6608  -0.4724  -0.9085  -0.6262  -0.7191  -0.1438   1.3445  -0.4355   0.1276  -0.7701   0.7318  -0.7408  -0.2095   0.8355   0.1298  -1.1822   0.1778   0.0849
 7 A   0.8669  -0.7319   0.2171  -0.4318  -1.1138   0.1242   1.3296  -0.9365  -0.7739   0.0558  -0.5174  -0.1858  -0.6216  -1.1332    0.247   0.0475   -0.489    1.369  -0.9192   0.1781
 8 A   0.4207   0.1658   -0.364  -0.4633  -1.0588  -0.3701   0.0322  -1.1453  -0.0637   0.0939   0.3412   0.7873   0.3424  -0.7859   -1.084  -0.3827    0.463  -1.2427  -0.0725   0.3217
 9 A   1.0491   0.2288  -0.7727  -1.0878  -1.0793  -0.5951  -0.7025  -0.8672    1.789  -0.9543  -0.3479  -0.5724  -0.6695    0.547   1.5752   0.1438  -0.1149  -1.2304  -0.2961  -0.7959
