            A        R        N        D        C        Q        E        G        H        I        L        K        M        F        P        S        T        W        Y        V
 1 A   0.8682  -0.3899  -0.8424  -0.3189   0.5171   0.8926  -0.2044  -0.9504  -0.9975  -0.0081  -0.1844  -0.5597  -0.0315  -1.1956   1.0943   0.5819   -0.384  -1.6011  -1.1226   0.3651
 2 A  -0.1619   0.2408  -0.3699   0.2563  -1.3693   0.9035   0.8405  -1.0298   0.9688   -0.824  -1.1148   0.8562   0.1222  -1.3088  -0.9738   0.7104   0.6573   1.2421  -0.7661  -0.9582
 3 A   0.8202  -0.0951  -0.9382   0.0068  -1.0461   0.0795  -0.6631  -0.5217  -0.7613   0.0064    0.102    0.059  -0.4115  -0.5164   0.1955  -0.1492  -0.5737  -0.9488   1.0913   0.4825
 4 A   0.3162   0.3353   0.0596  -0.9783  -1.0718  -0.5418   0.1481  -0.5096  -0.9993   0.8738   0.3295  -0.2337   1.3171  -0.8207  -0.2945  -0.2244  -0.5704  -1.4167  -1.0297   0.2222
 5 A   -0.884   1.4507   -0.243  -0.1742  -0.0229   0.4793   0.0587  -1.3416   0.6898  -0.4728  -0.0186   1.2448   -0.563  -1.0826  -1.2248  -0.6205  -0.1758   1.9766   -0.692  -0.8915
 6 A   1.1832  -0.2005  -1.0269  -0.4371   0.4079   0.0582  -0.7491  -0.9504   0.3502  -0.0868   0.1699   -0.692   1.3498  -0.9564   0.7008  -0.3374  -0.1989  -1.4506  -0.9335   0.1115
 7 A   1.1092   0.0961  -0.8006  -0.5605  -0.9092  -0.6863  -0.7671  -0.8329  -0.7275   0.1573  -0.7224  -0.6457  -0.5939   0.0178  -1.0413   1.0036    0.027    0.883     1.11   0.1951
 8 A  -0.2166  -0.7115  -0.1083   0.2213  -1.2695   0.1276   0.6059  -0.0533   0.8608   -0.646  -0.1277  -0.0118  -0.6033   -0.755   0.2092   0.3537   0.3318  -1.0955     0.72   0.0357
 9 A   0.6378   -0.373  -0.9295  -0.4324   0.6132   0.2354  -0.2057   -1.109   0.3592   0.1739  -0.5308  -0.7014   0.3352  -1.0079   0.8287   0.2651  -0.4233  -1.4604  -0.3787   1.0136
