            A        R        N        D        C        Q        E        G        H        I        L        K        M        F        P        S        T        W        Y        V
 1 A   -0.941  -0.1623  -0.9852  -2.2148  -3.3542   -3.279  -2.1344  -1.8226  -0.8213   0.6052   1.0399  -2.5949   0.3101   2.0696  -3.7984  -1.2193   -1.882   0.0919    1.866   0.5949
 2 A  -2.0197    0.225   0.9317  -0.3851  -1.2936   0.9266  -1.4686  -1.0848  -0.2125   0.4225   0.1688   0.6516  -0.1573   0.2276  -1.7408   1.1976   0.5583  -3.4888  -1.4485  -0.8408
 3 A  -0.4252   0.2896  -0.0554  -2.0182  -3.4122  -1.4685  -1.0847   0.0667   1.2196   0.4431  -0.3398   0.3725   0.0575  -0.0732  -0.5245  -0.0224   0.0242   1.6496   0.5377   0.5619
 4 A   0.2604  -3.4426  -2.5607  -2.2107  -1.2138  -3.2254  -2.6386  -2.0624  -3.4688   0.2302    1.427  -2.6282   2.4638   0.9055  -1.3816   0.0413  -0.6075  -0.4919  -1.3575   0.8765
 5 A  -2.4849   0.1209   0.3632  -1.3518   -3.438   0.6447  -0.1588  -0.9886  -1.9079   1.1406   0.6874   0.9093  -0.6637  -0.3405  -0.0073  -1.6411  -1.8177  -3.3652   0.3874   0.6843
 6 A   0.6135  -1.5305     1.46  -0.6497  -3.2351  -0.3095  -0.5157   0.0339  -3.0112     -1.1   0.1063  -0.9145   1.2336  -3.3101  -0.9733   1.7175   0.3472  -3.7061  -3.3307   -0.415
 7 A   1.0756  -3.0584   1.5351   0.1706  -1.9425  -0.5404  -0.0417  -3.1738  -1.2627   0.0394   1.1072  -0.7815  -0.6916   -0.369  -0.3149   0.5431  -1.4193  -3.5364  -1.0767   -1.452
 8 A   0.6349   -0.109   0.4738  -1.9706  -0.8146   0.2999  -1.5523   0.0077   1.0256  -0.9718   0.2411  -0.6073  -2.7435  -0.5373    1.149   -2.507   1.6123   0.6886   0.2593  -1.7823
 9 A  -0.2771  -0.6584   0.3937  -1.9414  -1.9206  -1.0993  -2.9346   0.0159  -3.2008  -0.7633  -0.6842  -0.2414    0.231  -0.5794    1.278   1.5336   1.4081  -1.3901  -3.1755      0.6
