            A        R        N        D        C        Q        E        G        H        I        L        K        M        F        P        S        T        W        Y        V
 1 A  -0.9291  -1.0961  -0.4032  -3.7255   0.0671  -0.3931  -3.3915  -3.8126  -0.8657   0.9406   1.1506  -0.4225   1.1879   1.5591  -3.7348  -2.5072  -1.0101  -0.4513   0.7821   0.8338
 2 A  -0.7464   0.2437   0.0891  -1.0345   0.4301   1.1728   0.8156  -0.6743    1.133  -0.2374  -0.5783   1.0244   1.7574  -3.2456  -3.3386   0.0855  -0.6051  -3.5615  -1.0824  -0.1495
 3 A   0.0654   0.5085   0.5491  -3.2081  -3.3937  -2.0505  -0.7353   -0.162   0.0081   0.1704  -0.5485  -2.3404    1.047   1.8636  -0.7567   0.7659   0.0288   1.1638  -0.3527  -0.9796
 4 A  -0.5456  -3.3931  -0.5333   0.5231  -1.2438  -2.1672  -2.0116  -2.9069  -0.8805   0.0639     1.48  -3.2946   2.3415   0.9057  -3.6342   0.1268  -1.2043  -3.2344  -0.4265   0.4477
 5 A  -0.3107  -0.2009  -0.8651  -1.9711  -3.3302   0.7466  -0.3859  -0.1649  -0.4995   0.3815   0.6279   0.6441  -2.5238  -1.4445  -0.3128   0.7187   0.8142  -3.4493   0.0867  -0.1131
 6 A  -0.5905   -0.355   1.8125   0.1012  -3.4232  -2.7117  -0.6576    -0.51  -2.9319   -1.016  -0.5798  -0.9029  -2.9994  -1.9547   1.6464   1.8226  -0.5453   0.9223  -1.1218  -0.4634
 7 A   1.0395  -1.0453   0.5382   -3.196  -3.2703   0.8224  -0.2874    0.003  -3.1859   0.7112   1.2136  -0.4911  -1.5594  -0.2225   0.1409  -1.2789  -0.4645  -3.5235  -2.0717  -1.5848
 8 A   0.4363  -0.0347    0.158  -3.3951   0.4455  -1.1694  -3.2443   0.3952  -1.3052   0.6109   0.2337   -2.424  -0.4054   0.0465   0.8521  -1.0706   0.8629   0.3944   0.6323   0.0504
 9 A  -1.1023  -0.1778  -0.4491  -3.0766  -3.2928   0.1949   -1.493  -0.3358   0.6676  -0.4049  -0.5018    1.103   1.0454  -3.2578  -1.2964   1.3231   1.4443  -0.5386  -2.0986   0.5043
