            A        R        N        D        C        Q        E        G        H        I        L        K        M        F        P        S        T        W        Y        V
 1 A  -2.2053  -0.3755   0.0518  -0.4121  -3.5392    0.017   0.8411   -2.947   0.9285   0.8504   0.6857  -1.1547  -1.5803   1.7785  -3.6355  -0.8041  -1.8733   -2.878   1.4223  -0.5592
 2 A  -0.9988  -0.6405  -0.0553   -0.888   0.8699   -1.949   0.2259   0.0675  -0.8448  -0.0205  -0.0742     0.69   1.4878  -0.3666  -1.0119   0.5868  -0.9603   0.3852  -0.2606   0.6097
 3 A   -0.344   0.3377  -3.4369   -3.673  -3.2675  -3.1417  -1.4275  -0.5946  -2.0068   0.9652   0.7166  -2.0455   1.6514   1.7031   -3.682   0.1225  -1.2189   1.1647  -0.3627   0.5039
 4 A  -0.1581  -0.8556   0.6178  -2.5724  -0.1642   0.1478  -3.1393  -0.2633  -0.5233   0.4265   1.2574  -0.6514   2.1586  -0.3373  -2.4223   0.3763  -2.7618  -3.4499  -2.0265  -0.0745
 5 A  -0.5325   0.2202    0.981  -0.7073  -1.2971    0.311  -2.2399  -1.9779  -0.4682    0.184   0.0102   0.8647  -1.7131  -2.8863   0.9347  -0.3237   0.2245   0.0151    1.242   0.4533
 6 A   1.1256  -1.9087   1.3144  -1.8214  -1.2332   -2.681   0.7337  -1.8442  -1.2679  -0.7616   0.3444  -1.8942  -0.1633  -3.1893  -3.2418   1.4712    0.643   0.6755  -2.1287   0.1606
 7 A  -0.4309  -3.3294   -0.232  -3.4288  -3.2648  -0.8615  -0.7616  -1.5224  -3.2597  -0.1299   1.1539  -1.7273   0.6051   1.1279   1.5907  -0.1405  -0.0821  -3.2524   0.1359   0.7219
 8 A   0.5553  -0.3119   0.4221   0.2655  -0.8222   1.3586  -1.1514   0.3627   1.3149   -2.279  -1.6265   0.1758    0.003  -3.5209   0.0251   0.8042    1.359  -3.6507  -1.1025  -2.6071
 9 A   0.5572  -1.2729   1.1661   0.0759  -1.9428  -1.9898  -1.5226  -0.0502  -1.2782  -0.8166   0.4929  -0.4815  -2.7382  -1.2204   0.8637   1.3991   0.7646  -3.6708  -1.5481   -1.174
