            A        R        N        D        C        Q        E        G        H        I        L        K        M        F        P        S        T        W        Y        V
 1 A  -3.1629  -0.2612   0.3441  -2.1175  -3.4729   0.2677  -1.1475  -2.4962  -2.8947   1.2759   0.0395  -1.0019   0.8541    2.147  -2.5219  -3.1547  -0.6541   0.4505   1.7696   0.0082
 2 A  -0.7415  -1.0016  -0.1918  -3.2636  -0.4598   -2.786  -0.8943   0.4482   1.3846   0.5718   0.2934   0.9951   1.4172  -0.3672  -1.0175   0.1472  -1.7884  -3.4818  -1.4331   0.6222
 3 A   0.4489   0.9577  -0.8887    -3.29   -1.249   0.3012   -0.881  -0.1624   0.5191  -0.5623   0.4504    -2.23   0.4334   -1.174  -1.7607    0.822  -0.4348   0.6799  -2.9881   1.1313
 4 A  -0.5601   -3.281   0.1423  -1.1349  -3.2773   0.4023    0.369  -3.6974  -1.9966   0.8872   1.5529  -3.1468   1.3658   1.1301  -1.0449  -1.3867   -0.336  -3.3013   -2.686  -0.2065
 5 A  -0.8577  -1.4749   0.2862  -1.3323   0.2571   1.2812  -2.7726  -1.6879  -2.9323  -0.3239   -0.678   0.7527   -1.747   1.0582    1.212   1.1088  -0.4348  -3.2263    0.851   0.2695
 6 A   1.1574  -1.5159   0.8736   0.6996  -3.2646  -0.3135  -1.4596  -0.1198  -0.2212  -0.6996   0.2329  -0.0302  -2.7814  -3.2939  -2.2645    1.471     0.16   0.3701  -1.5411  -1.1783
 7 A  -0.4453  -0.1306   0.9724  -0.4198  -3.3778  -0.8227  -0.8987  -0.9573  -0.2305  -0.4729   1.4729  -1.6468  -0.1029    0.534  -0.0103   0.2256  -1.2116   1.1529  -0.4359  -0.6973
 8 A   0.3345  -1.0336  -0.3341  -1.6315  -0.7965  -0.7921  -0.8783  -0.6648  -3.1773   0.4911   -0.626   0.1368   1.8795  -0.3842    1.498   0.4124   1.1358  -3.5328  -0.7626  -0.6777
 9 A  -0.1052  -0.2215   0.0945  -1.9077   -1.258   0.0289  -0.6827   1.0157  -1.9471  -0.1451  -0.7042  -0.1223  -1.1978  -2.5151  -0.1341   1.5322   0.8274  -3.7236  -3.3491   0.4446
