            A        R        N        D        C        Q        E        G        H        I        L        K        M        F        P        S        T        W        Y        V
 1 A  -0.0249   0.3101  -0.9867  -1.2664  -0.4755   0.1173  -0.4612   -0.597   0.4557  -0.3641  -0.2119   1.0727  -0.6093   1.0851  -1.3653  -0.4544  -0.3968   1.6263   1.0829   -0.303
 2 A  -0.3368  -0.9507  -0.4214  -1.2995  -0.3444   0.4891  -0.4565  -0.5489  -1.0945   0.6891    0.259   0.0014    0.045   0.3027  -0.4524  -0.5418  -0.0069   1.5582   0.2078   0.7863
 3 A  -0.5116   0.2862   0.1883  -1.0721  -1.4678   0.2353   -0.304  -0.4107   0.5351  -0.3858   0.1013   0.9939   0.4836   -0.221  -1.3741  -0.2411  -0.5605   2.0988   0.5733  -0.0319
 4 A   0.0163  -0.4574   -0.337  -1.2477  -0.2385  -0.9012  -0.6533  -0.4663   0.4856   0.6831   0.1303  -0.6857   0.6788   0.7923   0.2814   0.0138   0.6084  -1.1943  -0.1344  -0.0062
 5 A   0.1321  -0.3937  -0.2216  -1.0006   0.3534  -0.5663  -0.7879  -0.8243  -1.1134   0.4097   0.9627  -0.0246   0.2873   0.3885   0.0225  -0.2409  -0.7403  -1.1878   0.2159   0.1357
 6 A  -0.3003   1.4521   0.4188  -0.5037  -1.3452   -0.075  -0.5893   0.0234   0.5357  -0.8866  -0.8142  -0.0815  -0.9007  -0.5343   0.0537   1.3854   0.1663  -1.5468  -0.9839  -0.6191
 7 A  -0.1656   0.9835   0.6352  -0.7718  -1.5028  -0.1216   0.1052  -0.5344  -0.3119  -1.0697  -0.6852   0.7546  -0.9771  -1.0378   1.8847   0.2849    0.151  -1.6543  -0.6303  -0.9744
 8 A  -0.4926  -0.1928  -0.9894  -1.2125  -1.2162   0.2376  -0.3738  -0.1387  -1.1588   0.1588   0.9422   0.5128   0.1128   0.0943  -0.2491   0.3804   0.1464  -1.3848  -0.8929  -0.0032
 9 A    0.103  -0.6751   -0.515  -1.3106  -1.1154   0.2751  -0.5007  -0.8303  -0.4256   0.6132   0.6515  -0.1316   0.5465  -0.3351  -0.3291  -0.1619  -0.2971  -1.2324   0.3312    0.803
