            A        R        N        D        C        Q        E        G        H        I        L        K        M        F        P        S        T        W        Y        V
 1 A   -0.712    0.324   1.4389   0.2376  -1.4696  -0.2321  -0.2434  -0.0192  -0.1814  -0.3965   0.3702   0.4178    0.582  -0.9793  -1.3852   -0.462  -0.4995   1.1842  -0.5542  -0.2249
 2 A  -0.5941  -0.4102  -0.2783  -0.6971   0.6439  -0.4486  -0.2594   -1.398  -0.0242  -0.0884  -0.2322   0.0967  -0.6167   0.7599  -0.5033   0.2604   0.0241   2.6388   1.4002  -0.2954
 3 A  -0.2985   -0.253  -0.9605  -0.8249  -1.4026   0.5684  -0.1108  -1.4624   0.6951   0.1832  -0.0714   0.9795    0.626    1.044   -1.338  -0.7418  -0.1088  -0.8245   1.0414  -0.0108
 4 A  -0.4325  -0.3248  -0.6441  -1.4085  -1.0552  -0.3722  -0.6699  -0.8812  -1.3324   1.1267   0.7364   -0.521   0.8068   0.1485   -1.485  -0.0113  -0.2833  -1.3601  -0.8274   1.0065
 5 A   0.4408   0.7509   0.8696  -0.1941  -0.3223   0.8921  -0.3911   0.0237   0.5582  -1.2015  -0.3282   0.7602  -0.1925  -1.4296  -1.1187   0.5061  -0.1581  -1.5866  -1.0991  -1.0619
 6 A  -0.0166  -0.5426  -0.9058   -1.222  -0.2883   0.3556   -0.848  -0.2747  -0.9947   0.0746   0.3097  -0.1396   0.6268   0.2742  -0.6778   0.7512   0.6016   1.0312   0.2718  -0.0503
 7 A    0.572   0.2737  -0.7948  -1.3116    -1.11  -0.6734  -0.6461  -0.9576  -0.3779   0.1507   0.7068   0.5025   0.3792  -0.0049  -0.6606  -0.0359  -0.0707   0.2132  -0.2905   0.2241
 8 A  -0.2809    1.296   0.3629  -0.8895  -1.4041  -0.2052  -0.2051  -0.6042   0.2477  -0.2079   -0.533   0.0247  -0.3768  -0.9828   1.6726   0.5967   -0.079  -1.6665  -1.1012  -0.4921
 9 A   0.1934   0.0834  -0.7903  -0.9344  -1.3039   0.5575   0.1218  -0.4842   0.2627  -0.3756  -0.2071   0.5075  -0.6965   -0.706   1.6225   0.6271  -0.1363  -1.5445  -0.5158  -0.3632
