            A        R        N        D        C        Q        E        G        H        I        L        K        M        F        P        S        T        W        Y        V
 1 A  -0.7716  -0.0663  -0.3083  -1.0559  -1.5936   0.2188   0.1362  -1.4944    1.039   -0.166  -0.1746   0.9137   0.2794   0.8394    1.269  -0.8228  -0.6611   0.2741   0.9545  -0.5592
 2 A  -0.2103   -0.586  -0.7416  -1.5853  -1.1819  -0.7195  -1.3074  -0.9531    0.116   0.9572    0.502  -0.7473   0.1695   1.5301  -1.5998  -0.4677  -0.3525  -0.8547   0.6612   0.6455
 3 A    0.168   0.3459   1.0738  -0.1876  -0.1455   0.9868   0.3288  -0.7622  -0.1107  -0.6625  -0.2508   0.9716  -0.1449  -1.4171  -0.2508   -0.109  -0.3233  -1.6462  -1.1808  -0.3234
 4 A   0.3531   0.0177  -0.3566   -1.119  -1.1802   -0.736  -0.5957   0.3344  -1.0261  -0.4793  -0.2584   0.0197  -0.2846   0.3266  -1.2607   0.8376   0.4516   2.0095  -0.0172   0.0944
 5 A   -0.144   -0.369  -1.1579  -1.3808   0.6946   0.2934  -0.6772  -1.1195  -1.1032    0.271   0.8887   0.4898   0.9677  -0.0329  -0.4268  -0.1386   0.1169  -1.2429    0.038   0.0148
 6 A  -0.3645   1.6522  -0.0129  -1.0982   -1.467   0.1502  -0.1894  -0.8324  -0.3119   0.3556  -0.0907   0.3198  -0.5718  -0.2389   0.3645  -0.2924  -0.3717   0.0833  -0.2412   -0.132
 7 A   0.4597   0.7477   0.6052  -0.4059  -1.2351  -0.1095  -0.2375  -1.0384   0.1849  -0.2409  -0.2225   0.0009  -0.1192  -0.4793   0.0097   0.8499   0.0769  -0.0882  -0.4357  -0.2985
 8 A  -0.1206  -0.5348     0.12  -0.6498  -1.3775   0.3668  -0.1299   0.2384   -0.006  -0.2966   0.5789  -0.4329   0.0368  -1.0509   1.9459  -0.4137  -0.8037  -1.5679  -0.4165  -0.5023
 9 A    -0.37  -0.4327  -0.6682  -1.1353  -0.0938   0.2063   -0.399  -0.2446  -0.9737    0.446   -0.047   0.6401   0.0409  -0.2681   0.1951   0.4224    0.451  -1.2367   0.4521   0.2758
