            A        R        N        D        C        Q        E        G        H        I        L        K        M        F        P        S        T        W        Y        V
 1 A  -0.6765    0.709   0.7822  -0.0631  -1.7069   0.9529   0.3865  -0.2863    0.671  -1.0252  -0.8509    1.037  -0.0822  -1.0629  -1.2694  -0.2235  -0.7636   2.4592   0.0614  -0.8631
 2 A  -0.0915  -0.8962  -1.0868  -1.2598  -1.1954  -0.7855  -0.3616  -0.3845  -0.3016   0.6103   0.3591    0.275   0.1751   0.4636   0.3236  -0.0239   0.2022   0.6885   0.6925   0.0992
 3 A  -0.5956  -0.7893  -0.8159  -0.9994  -1.1556  -0.0058  -0.5815  -1.1591  -1.1713   0.5315   1.0134   -0.606   0.6555    1.404  -1.5827    -0.99  -0.1191  -0.9419   0.0855   0.6328
 4 A    0.062   0.9006   0.7438  -0.4592  -1.2158  -0.5068  -0.2822   0.0499  -0.2133  -0.1941  -0.4814   0.0376  -0.6923  -1.3047   0.0991   0.5104   0.3333  -1.6255  -1.1759    0.496
 5 A   0.5516  -0.3434  -0.4053  -1.1937  -1.0551  -0.7282  -0.6124  -0.2747   0.3126   0.0931   0.6041   0.0408   0.6162   0.2993  -1.2449   0.2146   0.3752  -1.2913  -0.6935   0.1132
 6 A   0.0269   0.6018   0.2365  -0.9484   0.6033   0.0052   0.1416  -1.2519  -0.8285  -0.2217   0.6115   0.0688  -0.3632  -0.1503  -0.3636   0.3159   0.1169  -1.2063   0.2838  -0.4353
 7 A  -0.3117   0.8924   0.2281  -0.3298   -1.377   0.5415   -0.433  -1.0986  -0.2275  -1.0552  -0.7356   0.7972  -0.8477  -0.8812   1.3001   0.8155   0.3895   0.9176   -0.977  -0.3831
 8 A   0.3413   0.5352   0.2451  -0.5449  -1.2877   0.0304  -0.3927   0.0283  -0.0219  -0.4751  -0.6215   0.6219  -0.3931  -1.4474   1.4725   0.3052   0.1725  -1.6942  -1.1977  -0.2725
 9 A  -0.2537  -1.1474   -0.538  -1.3847  -1.0594   -0.087  -1.1292  -0.4108  -1.2038   1.1335   0.9069  -0.6093   0.5058   0.1126  -0.7192   0.2774  -0.2408  -1.2305  -0.0839   0.4007
