            A        R        N        D        C        Q        E        G        H        I        L        K        M        F        P        S        T        W        Y        V
 1 A  -1.2748   0.2468   0.5928  -1.2048  -0.9463   0.4174  -0.8054   -2.084   0.2584   0.8361   -0.273  -0.5892  -0.2801  -0.0826  -3.5543   1.5792  -0.2892   2.1778   0.2887  -0.3205
 2 A   0.1971  -1.6311  -1.2734   -1.468  -0.9461    0.051   0.4134  -1.4104  -1.3921   0.2567   0.3251   0.7286   0.3054   1.0974   0.3603   0.4008  -0.9054   0.5701   0.4186  -0.4101
 3 A   -1.165  -0.2865  -1.3348  -1.1068   -3.409  -1.0078  -2.6967  -1.1245  -3.2621   1.1356   0.2909  -3.3503   0.4829   1.9032  -3.8158   0.4986  -1.9196  -0.0685   1.1621   1.0339
 4 A  -2.2568  -0.8459   0.9844   0.2936  -3.7688   1.5642  -0.3342   0.0779   1.0088  -0.0369   0.3416   1.4548  -0.0662  -0.1122  -3.5441  -1.9876  -1.9624  -1.4644  -0.3717  -0.6536
 5 A   0.3746   0.0741   1.0912  -2.3874  -1.4147  -0.4223   0.4208   0.0985   0.9023  -2.6295   0.2783  -1.4075   -2.941  -1.3469   1.1464   0.6688   1.0115  -3.6982  -0.6253  -1.1846
 6 A   0.3062  -3.3394  -2.0393  -0.4595  -0.5653  -1.2953  -2.1274   -2.995  -0.1658   0.0091   1.7506   -0.207  -1.0709   -2.894   0.5476  -0.3737  -0.5852   1.3627  -1.5942   0.8161
 7 A   0.2672   -0.126   0.9125  -3.2698  -2.0599  -0.4572  -3.1006  -1.3748  -3.2289   0.5353  -0.0842  -0.1598   1.4408  -0.2271   1.0818   0.9929   0.4375  -3.6404   -0.878  -0.0764
 8 A   0.2287  -3.0941   0.2806  -0.1552  -2.0751  -0.2577  -0.9546   0.2868   0.4033  -0.2034  -0.3792  -0.1604  -0.5793  -2.0315   0.7343   1.6475   0.7037  -1.5058  -0.6367  -0.5412
 9 A  -2.4639   0.4808   0.5979  -0.2451   -3.549   1.2359   1.0393  -3.5105  -3.0729   0.3136   0.7905  -0.9844  -2.6228  -0.0001  -1.8739   1.5496  -2.2065    -3.65  -2.1724  -0.1724
