            A        R        N        D        C        Q        E        G        H        I        L        K        M        F        P        S        T        W        Y        V
 1 A  -0.8633  -0.6261  -1.2397  -0.6856  -0.9466   1.0212   -0.069  -0.4835  -3.0671   0.1271   0.4009  -0.6059  -0.0471   1.2465  -2.5044   1.1833  -0.1931   -0.089   0.9931  -0.6088
 2 A  -1.0441   1.0378   0.6474  -1.7816  -1.4295  -0.2691  -0.8403  -1.1041   0.6705   0.5939    0.864  -0.1522  -0.2392   1.1938  -0.6679  -0.4914  -3.0093  -1.4262  -0.7789  -0.0794
 3 A  -1.9718   0.6595  -0.6581   -2.215  -3.5103  -3.0311  -0.5699  -1.1238  -3.2725   1.2141   0.8201   0.2414   0.4802   0.8356  -1.5076  -0.3813   0.0866   1.7765   0.4209  -0.2684
 4 A   0.9909  -0.5537   0.5978  -1.1857  -3.5296   1.2351  -1.1045   0.4983   1.0969  -0.3857  -0.5706   1.1447   1.3562  -1.3624  -1.1116  -0.1077  -1.8922  -3.7141  -2.1971  -1.0074
 5 A   0.0029  -2.2015  -2.7055  -2.9077  -3.2798  -3.3689  -1.3167  -3.0857  -2.1323   0.4594   1.6976   -2.747  -0.4033  -0.2466  -0.9054  -0.2851  -0.4508   1.6571   1.2043   1.1034
 6 A  -0.3554  -0.9744   1.2756  -3.2187   0.1371  -0.1154  -1.2147  -1.0631   0.3992   0.6412   0.4112  -0.9131   0.4623   0.7481  -1.4743   1.0276  -0.2954  -1.4673  -2.9016   0.2437
 7 A   -0.851  -2.3455    1.751  -1.3378  -2.1633    0.426   -0.625   0.3956  -3.0898  -1.7954   -1.467   0.5232  -0.9782  -1.7639   2.4438   0.3075   1.1043  -0.6986  -3.5054  -1.8157
 8 A   0.9001  -0.6204  -0.9505   0.1227  -2.0573   0.4193  -0.3688  -0.0302  -3.2182  -0.9374   0.1165  -0.5865  -2.8629   0.0895   0.0276   1.6479   0.3714   -3.675  -1.6185  -0.6428
 9 A  -0.3417   0.2277  -0.6229  -0.5589  -2.0423  -2.1626    -1.22   -0.692  -0.6494  -0.3563   1.2057  -1.7445   0.7334  -3.0055   0.0097   1.2919  -0.4152  -3.6138  -0.2148   0.7611
