            A        R        N        D        C        Q        E        G        H        I        L        K        M        F        P        S        T        W        Y        V
 1 A  -1.1392   -0.783   0.5175  -0.5178  -0.3137  -0.8992   0.2683  -0.2959   0.7937   0.2439   0.3132  -0.3711  -0.0604   0.5509  -1.1374    0.702   0.7446  -1.4221     0.52  -0.9617
 2 A  -1.3219   0.6059  -0.3235  -1.2536  -0.9504   0.4122   -0.531  -2.1647   0.2487   0.5008   0.8063   0.1802  -2.5199   1.1501  -3.6668   0.6258  -2.9231   0.5701   0.0277   0.3999
 3 A   -1.547   0.4544  -1.0841  -3.6334  -0.9483  -0.9558  -0.2179  -3.8855  -3.1813   1.0179   0.7687  -0.6345   0.8505   1.6185  -3.8145  -0.5123  -0.4677   1.8959   1.0892  -0.1929
 4 A   1.0567   -0.081  -0.7893   -1.475  -3.4615   1.5089  -2.8106     0.22   -0.123  -0.7778   0.3113   1.1053   1.3653  -1.3413    0.146  -0.3164  -1.5765  -3.7109  -2.2286  -0.5299
 5 A   0.3213  -1.1906   0.9746  -1.1824   -3.429   -2.912   0.3355  -0.3663  -0.9268  -1.1876   0.9518  -3.0436   0.3044  -1.4729  -1.1315   1.3682  -0.2942   1.3733   1.1223  -0.8535
 6 A  -3.0311  -2.0725   1.3156  -2.0799  -0.0707   0.4036  -0.1929  -3.6626  -0.1157   1.1529   0.5728  -1.7826   1.4534  -0.0616  -0.6652    0.573  -1.2994   0.2657   0.5152   0.2641
 7 A   0.7787   -0.915   0.7932  -2.5075  -3.4308  -0.2576  -2.3691  -1.3492  -3.2771  -0.1126  -0.8337   0.9296   -2.975  -1.3965   2.2622   0.3699   0.8642  -3.9497  -3.4184   0.0895
 8 A   0.5904  -1.4068   0.9363  -0.2475  -3.3262  -0.4433  -0.6396   0.5084  -3.2015   0.0267  -1.3829  -2.0028  -3.0068  -1.1275  -1.4076   1.9042   1.2494  -3.8218  -3.4008  -0.1122
 9 A  -0.8758   0.4098  -0.6061   0.0125  -3.5025   0.7966  -1.6182  -2.4728   0.8924  -2.2353   1.2384   0.2615  -0.7946  -0.3556   0.8026   0.6371  -0.7259  -3.6662  -2.1336    0.477
