            A        R        N        D        C        Q        E        G        H        I        L        K        M        F        P        S        T        W        Y        V
 1 A  -1.9405   0.5425   0.0521  -0.5558  -3.5886  -1.2148  -1.6922  -2.9471  -0.3188   0.3687   0.7412   0.4505  -0.5054   1.2598   -3.646   1.2129     -1.9   0.8348   1.6262  -1.5962
 2 A  -2.2188  -3.0194   0.6588  -3.1765  -0.3266   0.7106   0.0235  -0.0656   1.6243  -0.1038  -0.4079   0.3821   0.6995   1.1397   1.0127  -0.5847  -0.1082   -3.366    0.174  -0.2752
 3 A  -0.5362   0.3964    0.051  -1.7711  -1.4074  -0.4547  -1.0084  -0.3869  -1.9527   0.3218   -0.454  -0.1598   0.4472   0.7083  -1.8973   0.9391   0.0149  -0.5854   1.5629   0.4416
 4 A  -1.7543  -1.6518   0.8358    -3.49  -0.0758   0.9392  -2.0787  -2.1856  -3.2526   0.6998   1.1069   0.5542   1.4602   1.2484  -3.7855  -0.7703  -2.3912   2.0885  -1.4089   -0.459
 5 A   0.5179   0.7232  -0.3122  -1.0335   -0.581  -2.9279  -1.0101   0.3825  -3.3771   0.1904   0.8194   0.1076  -0.2674  -2.0032   0.7277  -0.0288   0.8006  -3.7936   -3.418  -0.9379
 6 A   0.3642  -0.1492   0.7262   0.4215  -2.0705  -1.6326  -0.8251  -2.4092  -0.3617   0.6871   0.6798  -2.4901  -1.2036  -0.6343  -1.8983   0.8951  -0.4241   1.7686  -0.5889   0.3012
 7 A  -0.3709     0.47   0.6455  -3.3668  -1.4033   0.4112  -1.0049  -1.6266   0.2415  -1.0719   1.0166  -0.3588   0.6047  -0.4894   1.0765  -0.4703  -0.9041   -0.656  -1.1743    0.902
 8 A   0.1657  -2.4919   0.7363  -2.0286   -2.088  -1.2168  -0.8223   0.5457  -3.0082   0.2159  -1.2474  -0.3728   -0.921  -1.0146   1.0211   1.4411   0.8675  -1.4161   1.4934  -1.1299
 9 A  -0.1662  -1.9268  -0.3953   0.0711  -3.5126    1.467   1.3311  -0.7712   0.0899  -2.6184   0.1915  -1.1642  -2.9119   -2.079   0.2701   1.6749   0.5134  -3.7776  -1.6589  -0.5749
