            A        R        N        D        C        Q        E        G        H        I        L        K        M        F        P        S        T        W        Y        V
 1 A  -1.2563  -0.6307  -0.3757  -0.9329  -2.1481   1.2773   0.1785  -1.4995    4.067  -0.8788  -1.6655  -0.6823  -1.0977  -1.2513  -1.5059  -0.9111   -1.311  -1.3759    0.093  -1.7354
 2 A  -0.1043  -0.9145  -0.3848  -0.7781   0.6185   0.7868  -0.5881   0.7396  -0.9892  -1.7723  -1.7775  -0.6508  -1.2316  -1.7789  -1.0476   2.6099  -0.0763  -1.8372  -1.4673  -1.4055
 3 A  -0.4718  -1.4561  -1.9785   -2.103  -1.1719  -1.4387  -1.7089  -2.0668  -1.8158    0.913   2.0756  -0.5571   0.2415  -0.5095  -0.0147   -1.475  -1.0268  -1.5213  -1.1221   0.2677
 4 A  -0.0164  -1.5598  -0.7595  -1.2151   -1.486   -1.249  -1.4456   2.7448  -1.4847  -1.6012   -1.816  -1.2192  -1.5251  -1.8644  -1.4345  -0.4723    0.988  -1.7694  -1.8554  -0.7132
 5 A  -0.9075   0.8247  -0.6857  -0.9609   0.4256   0.0725  -0.2014  -1.3334  -0.8856  -1.7981  -1.6865   2.9861  -1.2125  -2.0996  -1.0699  -0.6432     -0.9   -1.854  -1.4316  -1.6382
 6 A  -0.6551  -1.4566  -1.8108  -1.9603  -1.9731  -1.4058  -1.4774  -1.6773  -1.2164  -0.7034  -1.3584  -0.5379  -1.2109  -0.4086   1.6073  -1.4092  -1.3941   5.0273   0.8329  -1.4201
 7 A   0.6326  -1.5595  -1.9081  -2.0695  -1.0906  -1.4474  -1.6981  -0.5737  -1.7585   0.0107   2.1884  -1.5259   0.2316  -0.5178  -1.7155  -1.1878  -1.0242  -1.4758  -1.1361  -0.2514
 8 A  -0.0733  -1.5155  -0.9114  -1.3227   -1.556  -1.3017  -1.5217   2.7388  -1.5232   0.2561   -1.429  -0.4234  -1.3063  -1.6949  -1.5563  -0.7552  -1.1459  -1.7774   -1.817  -0.4633
 9 A  -0.5327   0.9276  -0.4708  -1.1222  -2.0374  -0.3682  -0.6012  -1.4632   3.8992  -1.7966  -0.9434   0.0012  -1.1078  -1.2713   0.0837  -0.8988  -1.2893  -1.4345  -0.0287  -1.8128
