            A        R        N        D        C        Q        E        G        H        I        L        K        M        F        P        S        T        W        Y        V
 1 A  -0.3507  -0.7847   1.0401  -0.7158   0.5075   1.1402  -0.5479  -0.9317  -0.8732  -0.7663  -1.5458  -0.0536  -1.1223  -0.3562  -1.1599   2.3855  -0.1995  -1.7673  -1.2143  -1.2485
 2 A  -0.4942  -0.3126  -1.7656  -1.8045  -1.2899  -0.0596  -0.4509  -2.0176  -1.6287   0.7953   1.8286  -0.4164    0.054  -0.7027  -0.0692  -1.3644  -1.0293  -1.6016   -1.194   0.4165
 3 A  -0.1245  -1.1782   0.0476  -1.1129  -1.6924   1.0263  -1.0465   2.6521  -1.2421  -1.8212  -1.9441  -0.2742  -1.5445  -2.0025  -1.4909  -0.6186    -0.29  -1.8224  -1.8245  -0.8801
 4 A    0.114   0.0178  -0.8066     -1.1   1.2343  -0.2697  -0.5111    0.536  -1.1119  -1.6883   -1.665   2.5366  -1.2714  -2.0232  -1.1606  -0.5438   0.3168  -1.8853  -1.5505  -1.4464
 5 A  -0.7149  -1.5767  -1.9575  -2.1735  -1.8144  -1.5364  -1.6891  -1.8614  -1.2336    0.849  -0.8699  -0.6691  -0.8477  -0.2479  -2.3026  -1.5926  -1.3613   4.9324   1.2299  -0.2433
 6 A  -1.0222  -1.5473  -1.5899  -1.9115  -1.1908  -1.4275  -1.7001  -0.0835  -1.8019  -0.0498   2.0392  -1.5155    0.101  -0.6393  -1.7343  -1.0592   1.1913  -1.5305  -1.2143   0.0457
 7 A   0.2499  -1.0558  -0.7943  -1.2066  -1.7097  -1.0108   -1.232   2.8055  -1.3828  -2.1782  -2.1431   0.8097  -1.7469   -2.074   -1.448  -0.6343  -1.1973  -1.8417  -1.9361  -1.8865
 8 A  -1.2385  -0.8881  -0.6856  -1.2439  -1.9966  -0.6101  -0.7879  -1.6058   3.7226  -1.5489  -0.7925  -0.2695   0.8314  -1.0856   1.8615  -1.0329  -1.3063  -1.3918    0.612  -1.6528
 9 A    0.637  -1.2086  -1.3051  -0.2873  -1.6414  -1.0398  -0.9328  -1.3185  -1.4525  -1.8155  -1.8678   0.2101  -1.6453  -2.2543   3.6182  -0.7099   -0.966  -2.5436  -1.7665  -1.5489
