            A        R        N        D        C        Q        E        G        H        I        L        K        M        F        P        S        T        W        Y        V
 1 A   0.3441  -0.8968  -0.4895   -0.819  -0.9256   0.4182  -0.5963  -0.8312   -0.985   0.9607  -0.7185  -0.6352  -0.5555  -1.1694  -0.9812   2.1147   0.0133  -1.6112  -1.1441  -0.2385
 2 A  -0.9417  -0.7528  -1.3785   -1.556  -1.1507   1.3944  -0.7776  -1.8125  -1.1946    0.127   1.8537  -0.0036   0.3337  -0.4905  -1.5451  -1.1385  -0.8409  -1.3283   -0.929    0.235
 3 A   -0.404  -0.0072    0.378  -0.8065  -1.5653  -0.8152  -0.0767   2.6388  -1.0729  -1.5678  -1.7724  -0.7847   -1.459  -1.7629  -1.3695  -0.5134  -0.9778   -1.629     -1.7  -0.6303
 4 A  -0.0492   0.7794  -0.6521   -0.939  -1.5163  -0.0545  -0.3203  -0.0476  -0.8904   0.1897  -1.0408   2.2545  -0.8026  -1.5565  -1.0039  -0.4429   0.1385  -1.6218  -1.2384  -0.7323
 5 A  -1.0834   -1.118  -1.3115  -1.6166   0.9139  -1.0931  -1.2177  -1.4646  -1.1828  -1.2987  -1.2187  -0.2138  -1.0121    -0.44   0.3713  -0.8186   0.9535   4.8058   0.2078  -1.2087
 6 A  -0.9293  -0.9447  -1.6637  -1.8465  -1.0378  -1.0499  -1.3459  -1.9434  -1.5746   0.6784   1.8951   0.3758   0.3854  -0.3797  -1.6124  -1.3119  -0.8269  -1.3444  -0.9438   0.7159
 7 A   0.1609  -1.1395  -0.7173   -1.076  -1.3755  -0.9638  -1.1207   2.3755  -1.2854   -1.355  -1.6044  -0.0712  -1.3408   -1.751   1.2801  -0.4277   0.0378  -1.7193  -1.6469  -0.4839
 8 A   0.9682  -0.8198  -0.5148  -1.0754  -1.3873  -0.4897  -0.6451   0.0344   3.3835  -1.2901  -0.5531  -0.8113  -0.8295  -0.7621  -1.2252  -0.4834  -0.9573  -1.0221    0.916  -1.1638
 9 A   -0.779  -1.4047  -1.3925  -1.2781  -1.4798  -1.1068  -1.0582  -1.4961  -1.4051   0.2117   -0.975  -0.9438   0.4101  -1.6308   3.6388  -0.8364  -0.8212   -2.291   -1.481  -0.7773
