            A        R        N        D        C        Q        E        G        H        I        L        K        M        F        P        S        T        W        Y        V
 1 A   0.1796  -1.1451  -0.6001  -0.9652   0.6516  -0.8315  -0.8605  -0.9378  -1.1719   0.6238  -1.0527    -0.88  -0.8555  -0.1738   -1.129   2.5175  -0.0935  -1.6926    -1.14  -0.6341
 2 A  -0.4209  -0.8996   -1.528  -1.7025  -1.2875    1.419  -0.9542  -1.8559  -1.3768  -0.0675   1.8732   0.2293   0.1017  -0.7146  -1.6531  -1.2002   -0.973  -1.5232  -1.1192   0.3305
 3 A  -0.0708  -0.3394   0.0962  -1.0307  -1.6851  -1.0555  -0.3642   2.7461  -1.2923  -2.1385  -2.1156  -1.0102  -1.7457  -2.0133   0.0928  -0.5797  -0.2723  -1.8253  -1.9126  -1.8446
 4 A   0.1428   0.2025   -0.739  -1.0109  -1.7568  -0.1156  -0.3606   0.2203  -0.9982  -0.7301  -1.5206   2.6943  -1.1474  -1.9353  -1.0854  -0.5384  -0.1144  -1.8217  -1.4456   -1.286
 5 A  -0.6167  -1.6288  -1.7605   -2.044   1.3062  -1.5023  -1.6132  -1.6692  -1.1321  -1.4812  -1.3483  -1.6313  -1.1809  -0.2676  -0.1108  -1.2412   0.1914   5.0303   1.3107  -1.4201
 6 A  -0.4403  -1.4245  -1.8973  -2.0803  -1.1312  -1.4041  -1.6858  -2.0392   -1.814   0.7247   2.0747  -0.5498   0.2477  -0.5065  -1.7862  -1.3594   -0.182  -1.4936  -1.1077   0.5267
 7 A   -0.473  -1.6701  -0.7846  -1.2341  -1.6529  -1.3466  -1.5497   2.9627  -1.4979   -1.857  -2.0395  -1.2878    -1.73  -1.9738   0.0697  -0.6591  -0.3062  -1.8193  -1.9873  -0.8986
 8 A   0.3513  -0.7944  -0.5199  -1.1431  -1.8207  -0.5096  -0.7004   0.1943   3.8103  -1.7224  -1.5545  -0.1991   0.1763   -1.055  -1.4503  -0.7683  -1.2352  -1.2407   0.7093    -1.65
 9 A  -0.3185   -1.529  -1.5015  -1.3793  -1.6717  -1.2272  -1.1422  -1.5261  -1.5324  -0.7165   -1.514  -1.0462   0.0562  -2.0651   3.8581  -0.8824  -0.9841  -2.5942  -1.7268  -1.3357
