            A        R        N        D        C        Q        E        G        H        I        L        K        M        F        P        S        T        W        Y        V
 1 A  -0.7294  -0.9405   0.2423  -1.3444  -2.4989   2.0139  -1.5196  -1.1957  -1.8088  -0.4044   0.3342   1.4198   -0.066  -0.0198  -0.5967   0.1643  -0.7187   0.6908   0.6522   -0.284
 2 A  -0.1402  -0.5477  -2.3797  -2.6911  -2.3007  -0.5144  -2.2925  -2.6201   0.3144   0.1206  -0.2365  -2.1684   2.7753   2.1879  -2.6779   0.2602  -1.8622  -1.6752   1.3474  -0.1462
 3 A   0.0749   2.0515   0.0031   -2.104  -2.4395  -0.2849  -0.1679  -0.5452  -1.8351   0.1332   -1.969   0.1251  -0.7577   -2.039  -2.3614    0.493  -0.3643   0.6822   0.8381   0.6611
 4 A    1.047  -2.1406  -0.7063  -1.3839   0.3964  -1.7888   0.0009  -1.0836  -0.8344  -1.1891  -0.1249  -1.3437   2.4755   0.7747   -1.203   1.4811  -1.0078  -0.1448  -0.8408   -0.642
 5 A   1.5439  -0.8255  -2.2026  -2.3533  -2.1421   1.3685   -1.837  -1.0953   -2.201  -0.1386   -0.075  -0.8332   0.3242  -0.3942   1.6945  -0.4001  -0.0991  -2.5831  -1.0142   0.3837
 6 A  -0.6172   0.3435   0.9845  -1.8358  -2.3865   0.7858   -1.643   0.1187    0.311  -1.6608  -2.4262   0.3897  -2.0841   -1.565   1.3526    0.832   2.0287  -2.7421  -2.2329  -1.1576
 7 A   1.0528   -2.064  -1.2043  -2.1349  -0.8079   0.2621  -1.8314  -0.7276  -2.2038  -2.2293  -0.5346  -0.5179  -0.8549  -2.5879    2.984   1.0993   0.3416  -2.9153   -1.171  -1.5238
 8 A  -1.4208  -2.4436  -0.1482  -2.6521  -2.1363  -2.2878  -1.6301  -0.6654  -1.0203   1.0242   1.9889  -1.6049  -0.2489  -1.6145  -0.2277  -0.3928  -1.1878  -2.5276  -2.0955   0.8158
 9 A   0.7634  -1.3602   0.7566  -2.2896  -0.7653  -1.9816  -2.1592  -1.1652   0.2501   0.5166   1.2635  -0.3402   0.0448  -0.6567  -1.2539   0.1755   0.3141  -0.1896  -1.9674  -0.1096
