            A        R        N        D        C        Q        E        G        H        I        L        K        M        F        P        S        T        W        Y        V
 1 A  -0.5472  -1.5522   -2.477  -2.7169   -2.348  -2.3629   -2.437  -2.6784   -0.196  -0.2397   0.8135  -1.5977  -1.3398   2.4866   1.3125   0.0748   -0.454  -0.0151   0.6184   0.1221
 2 A  -0.2066   0.8102   0.6612  -2.0065  -0.1245  -1.5906  -1.8024   0.2666  -0.7438  -1.5093  -0.0428   0.9895   -0.149  -0.0614  -1.1825   1.4857   0.1553  -2.3446   0.3621     -1.5
 3 A   0.0827  -0.6981  -1.9766  -1.3399   -2.426   0.5724   0.5793   0.0729  -1.8728  -0.2115  -0.2565   0.8615  -0.1187  -1.0839  -1.2221   0.6162  -0.7151   2.1499   1.2308   0.0551
 4 A   1.1685  -1.4293  -1.3929  -2.5458  -2.1131  -0.0969  -2.1662  -1.6338  -0.8672   -0.199   0.5379  -1.4332   1.9169   1.3116  -0.6249    0.325  -1.1176  -2.1161   0.1635   0.5344
 5 A  -0.7623   0.6728    0.232  -2.1524  -2.5683   1.6301  -1.6552  -1.7148   0.9435   0.2649  -1.9483   0.6585  -1.7845   0.6058   1.3315  -0.8193  -0.4193  -0.1214   0.9026   0.3225
 6 A   1.4543  -0.8579   0.6426  -1.2698  -2.1255  -1.7647  -0.4777   0.4458  -0.8378  -1.8881  -0.2835  -1.8196   1.0889  -2.3694   0.6949   1.3637  -0.0346  -2.7163   -2.317  -0.2929
 7 A   0.8472  -1.4365   1.0387  -1.3931  -0.0959  -1.0628  -1.3761  -1.5994  -0.1955  -0.3395   0.8201  -2.0246  -0.6162  -0.3588   2.0534  -0.7498   0.1037  -2.6185  -1.0052  -0.2204
 8 A   0.4962   0.5631  -1.7775  -2.0897  -0.8022   0.3604  -1.0868  -1.5507  -0.8334  -0.9802   0.2015   1.5023  -1.6517  -2.3731   -1.118   0.8106    1.722  -2.6536  -2.2418  -0.6959
 9 A   1.0458   0.2423  -0.3299  -2.2042   -2.196  -1.9048   -2.016  -0.2534  -2.2757   0.5155  -0.9973  -1.2411  -0.7662  -2.3876   2.1387   0.8944    0.659   0.6291  -2.2909  -0.2138
