            A        R        N        D        C        Q        E        G        H        I        L        K        M        F        P        S        T        W        Y        V
 1 A   0.3256  -0.4879  -0.6967  -2.2142  -2.4993  -0.2973  -1.6971  -0.5374  -1.9394  -0.7039  -0.9485   2.1988    0.872    1.161   0.4533  -1.1497  -0.4234  -2.1925   0.4313  -0.5185
 2 A   0.0598  -0.8423   0.4112  -2.2418  -0.8585  -1.0469  -2.0611  -0.8189  -2.0584  -0.9687  -0.2208     0.11   0.2947   1.9568   1.8786   0.7299  -1.1523  -2.1356  -0.1529  -0.7576
 3 A  -0.2734    0.408   -0.415   -2.437  -2.1709  -1.9839  -0.3114  -0.6221  -0.9308   0.4972   0.7543  -1.9978   0.0377  -1.0887  -2.5544  -1.2859   0.6262   1.1975  -0.3667   1.5788
 4 A   0.4578   -2.061   0.0776  -1.9061  -2.1382  -1.7682  -1.7933  -1.9185    0.287  -2.1413  -1.1589  -1.8093  -1.9777  -0.1306   1.7056   2.5153   0.7378   0.6437  -1.9562  -0.5692
 5 A  -0.0637  -1.0773  -1.1749  -2.1286  -0.8563   2.3034  -1.5309  -0.5355  -2.0216  -0.0407   0.1094   0.5194  -1.6277  -0.4413   1.6925   0.6271  -0.6839  -2.6607  -2.1101  -0.2723
 6 A   0.7765  -1.9415  -0.7506  -1.4929   -2.149   0.9281  -1.8979  -1.6162  -2.1762  -0.2471   0.8924  -0.0638    2.412  -1.1437  -1.2332   0.7451   -0.344   1.1935   -1.976  -0.3316
 7 A  -0.2351   1.3188   0.4411  -2.1292  -0.1013  -1.6884  -0.8397  -2.3364   -0.175   0.3291  -0.1803  -1.0962   1.3105  -2.2081   1.0417   1.0638   0.1542  -2.6893   -2.201   0.3801
 8 A  -1.2963   0.9389   0.6433  -0.8355  -2.3934  -1.5257   -1.171  -1.6445  -0.1479  -0.1696  -1.0708   0.9951   2.2974  -2.2673   1.0448   0.8612   -0.075  -2.6748  -2.1971   0.2139
 9 A   1.9215   -0.216   -1.347  -2.3553  -2.0692  -1.9487  -1.3567  -1.4589  -2.3018   0.9453  -0.8915  -0.5517  -1.6853  -0.0868   1.5898  -0.1325  -0.0871  -2.5921  -1.0067  -0.1197
