            A        R        N        D        C        Q        E        G        H        I        L        K        M        F        P        S        T        W        Y        V
 1 A   0.9604   0.4428  -1.8028  -1.3565  -2.4722  -0.2607  -1.5934   0.7703  -2.0282  -2.3765  -0.9573   2.1213  -2.0305  -2.4639  -1.1457   0.6572  -1.7319   2.5309  -2.0509  -1.2292
 2 A   1.1063   -2.216  -0.7705  -2.3692  -0.7828  -2.0279  -2.1354   -0.272  -2.2038  -1.2356   0.1483   -0.618   0.8906   0.6119   1.6895   0.3683   0.4817   1.2052   0.0938  -0.2523
 3 A  -1.0105  -0.8388  -2.2526  -2.5217  -2.3301   0.7149  -2.0439  -0.6321   0.6411   0.1532  -0.0321  -0.0896   -1.493  -0.1973   1.3248  -1.9129   0.2807  -2.0538   1.6498   1.4398
 4 A   0.8846  -0.8365   1.0706  -1.9745  -0.7803  -1.8212  -0.8333  -2.0585  -2.0741  -0.9563   0.4989  -0.8585  -0.6662    0.577   1.0519   1.5619   0.1804  -2.5237  -1.9168  -0.9762
 5 A    0.559  -1.9404   1.2907  -2.0078  -2.3854   1.6099  -1.1856   0.3927  -2.0212  -0.4126   0.5777  -0.5152  -1.6115   -0.099   1.4614  -1.6127  -0.4088  -2.6188  -2.0921   -0.476
 6 A  -0.2274  -0.8052  -0.7184  -2.2977  -2.1856  -1.8173  -1.3674   -0.316  -0.8962   0.9904   0.1654   0.2932   2.3184  -1.1756  -1.2385   1.0567   0.5055     0.66  -2.0291  -0.2677
 7 A   0.7849   1.7271  -0.0042  -2.1734  -2.3133  -1.6551  -1.8625  -2.1727  -0.8215   -1.899  -0.6424  -0.6477  -1.8543  -0.4325   1.4681   1.0824    0.149    1.571  -1.9694   0.2916
 8 A  -0.1875  -2.0177  -0.6825  -1.4248  -2.1849  -1.8286  -1.9682  -1.1563   0.6136   0.6053  -0.4252   0.1172   1.7709  -2.0174   1.1996   1.6013  -0.9743   -2.559  -0.4066   0.7211
 9 A   1.2977  -0.8206   -0.027   0.5729   -2.179   0.7413  -1.1728   -1.112  -2.1721   0.4707   0.4885  -0.5322   1.6461  -2.1018  -0.5854  -0.7107  -0.1078  -2.6377  -2.2456  -0.3216
