            A        R        N        D        C        Q        E        G        H        I        L        K        M        F        P        S        T        W        Y        V
 1 A  -1.1593   0.0045  -1.3379  -1.0458   0.4499  -0.9276   0.3756  -0.0213  -1.0532  -2.0724   0.4148   1.9764   0.6661  -2.5808   0.6253    0.525  -0.6017  -2.9112  -2.5124  -0.3773
 2 A   0.2078  -0.6999   0.8172  -2.3596  -2.5917   1.5825   -1.453    -1.88  -2.0796   0.6205  -0.4141  -2.0603  -1.7914    1.726   0.1746  -0.0382   0.6632   0.4706    0.718  -1.0863
 3 A  -1.6817  -2.1597   0.1734  -0.5067   -2.523   1.2667  -2.1058  -2.8679    1.084   0.9677   1.3973   0.0573   0.5345  -1.9872   -2.786  -0.8228  -0.6378    1.319  -2.0664   0.4497
 4 A  -1.4911   0.3883  -0.9194   -1.648  -2.4982   1.3923  -0.9939  -1.9721    0.393   1.4852  -0.6342     -0.7  -0.7859  -0.9119  -0.4254   1.1559  -0.8573  -2.6273   0.1375   0.9392
 5 A   0.3139   -0.942   1.3508  -2.2316  -0.3856   0.3312  -1.0025  -1.3909   1.4412  -1.5212   0.8313   0.5106   1.2663  -0.9324   1.2027  -0.9984  -1.4127  -0.4258  -0.1638  -1.6012
 6 A  -1.2598   0.2345   -2.447  -1.7405  -1.0792   1.1544  -0.4324   -2.867  -2.2893   0.0425   1.3855   -0.065   0.9668  -0.1947   0.9271    0.203   -2.018   -2.496   0.4054  -0.0723
 7 A   0.8135   -0.648   0.7338  -0.1231   -2.483     1.18   0.5202  -1.2888   0.4137   0.1602  -0.1253  -1.8533  -0.9122  -0.6543  -2.4252   1.4088    0.135  -2.8039    -2.25  -0.8927
 8 A  -0.4957   0.0532  -0.9176   -0.029  -2.5367   0.3055   -2.074  -0.1948  -0.4241  -0.0232   0.9636   0.0966   1.2825  -2.2027   1.0757   0.1063   0.3987  -2.7517  -0.6672  -0.6129
 9 A  -0.3107  -1.0117   0.8374  -0.4132   0.1056   1.3935  -0.3874   0.3736  -1.0176   0.9598  -0.5491  -0.4745   0.8999  -0.2998  -2.6128   0.1255  -0.1085  -2.6789  -0.6263  -0.2299
