            A        R        N        D        C        Q        E        G        H        I        L        K        M        F        P        S        T        W        Y        V
 1 A  -0.8347   -0.049  -0.8716   -0.825  -1.4966  -0.1222   0.5722  -1.3373  -0.7893   0.1579   0.0822   1.4288  -0.3718  -0.5979  -1.2199  -0.7439  -0.7608   3.4536   -0.236  -0.5234
 2 A    0.391  -0.8771  -0.8298  -1.0546   1.6691   0.6826  -0.6479    0.489  -1.0056  -0.5636   0.5357   -0.656  -0.2706  -0.9887   1.1329   0.3987  -0.4419  -1.4699  -1.1005  -0.5632
 3 A  -0.8427  -1.2413  -1.2322  -1.5741   -1.138  -1.0032   -1.268  -1.7204  -0.0629   1.2359  -0.0993  -1.1341  -0.1541   0.6647  -1.4073  -0.8296   0.4098   0.1937   2.7109    0.243
 4 A   0.2484  -0.9605  -1.2673  -1.3901  -0.8061   0.6687  -0.8354   -1.364  -1.0951   1.4275   0.3289  -0.7953   1.7768    -0.51  -1.2846  -0.6955  -0.4508  -1.2313  -0.7907   0.8831
 5 A  -0.7268  -0.2825  -0.3072   1.4156  -1.5624  -0.1628   0.7456   0.4335  -0.7086  -0.9555   -0.109   1.0289  -0.6342   0.6555  -1.0693  -0.4999  -0.7556  -1.1697   -0.578  -1.0524
 6 A   0.0035  -0.6246   -0.179    0.728  -0.8706   0.8278  -0.1285   -0.746  -0.7469  -0.3197  -0.8431  -0.3867  -0.5484  -1.2154  -0.8473   1.6341   0.1141  -1.5179  -1.0292   0.6504
 7 A  -0.5143   0.7193  -0.5645  -0.4164  -1.5236  -0.0348   1.1609   1.1552  -0.7165  -0.1224  -1.0905   0.6353  -0.8939  -1.4619   1.1414  -0.4521  -0.7137  -1.5214  -1.2465  -0.7988
 8 A  -0.5732  -0.1517  -0.3671   0.8404   -1.444   0.0718    1.282  -1.0947  -0.5866  -0.9089  -0.0709   1.0956  -0.5401   0.6692  -0.9532   0.3858  -0.4986  -1.1266  -0.4914  -0.9459
 9 A  -0.8431  -0.3585  -0.8989  -1.1237  -1.3572   1.4502  -0.3425  -1.4327  -0.3589   0.2979  -0.1763   0.4636   1.0238   1.6248  -1.3227  -0.7533  -0.7275   -0.355   1.3396  -0.3312
