            A        R        N        D        C        Q        E        G        H        I        L        K        M        F        P        S        T        W        Y        V
 1 A  -1.5717  -0.6442  -2.3505  -2.6717   0.4661   0.2892   -2.235  -0.0577   0.8836   0.0298   1.0258   0.8066  -0.1976   0.9447   -0.891   0.3468  -1.4063   -2.471  -0.4798   0.3829
 2 A   0.1034   0.8299   0.8394  -2.1572  -2.7029   1.0604   0.0546  -0.1664  -0.9323   0.0347  -0.7924   1.0479   0.0718   0.3511  -2.5542  -0.2157  -0.9427  -2.4923   0.4136  -0.1695
 3 A  -1.6085  -0.7278  -2.5218   -2.809  -2.4678  -0.3106  -2.4174  -1.5513   0.0028   0.7186   1.4777  -0.3397   1.4692  -0.4357  -0.4648   0.7858   -0.948   2.4439  -1.0358  -0.3131
 4 A  -0.3157   0.5607    -2.17  -0.4929  -2.5794   1.5045  -1.9014  -0.8217   0.6803  -0.5063   0.7239    0.415  -1.6501  -0.5253  -0.8583   0.3755  -1.3601   -2.494   0.6324   0.7204
 5 A  -0.1622   0.5112   1.0534  -1.0997  -1.0667  -0.2575  -1.5148  -1.8863  -1.0557    0.467   0.1516  -1.4337   1.2658   -1.481   1.6221   0.2639  -0.0964  -2.8088  -0.6637   0.2815
 6 A   0.4172   0.3701  -0.6196  -0.8473  -1.0529   0.0327  -2.2382  -2.7243   0.8899  -0.0868   1.0445  -0.5113   1.4489   0.5652  -0.1082  -1.1031  -1.4227  -2.4692  -0.1102    0.404
 7 A  -1.9964   0.4175   1.8283  -0.0733  -2.7285   0.3744   0.5171  -0.7445   0.9364   0.9839   -1.864  -0.3874  -2.0856   -2.471  -2.5105   1.0399   0.5692  -2.7719   -0.224  -1.1707
 8 A  -0.7418   0.0885  -0.2715  -0.0024   0.7419   1.5074  -0.1362  -2.7297  -2.3024  -0.1917   0.7922   0.4125   1.2758  -2.4031   1.7101  -1.4824  -2.0533  -2.9307  -2.4816  -0.2848
 9 A   0.4748  -1.0924   1.1677  -2.2746  -0.3338  -0.6905  -2.2685   0.6995  -2.3647   0.7312   0.5961  -0.7997  -1.7258  -0.2988  -2.5743   1.3242  -0.8468  -2.7797  -2.3252  -0.3913
