            A        R        N        D        C        Q        E        G        H        I        L        K        M        F        P        S        T        W        Y        V
 1 A  -1.0515  -1.4886   -1.762  -1.9216  -1.0542  -1.4743  -1.6521  -1.8578   -1.291   1.0956   1.2609   -1.525    0.339   1.6731  -1.8191  -1.4043  -0.8768   2.5603   0.2782   0.2327
 2 A   0.2484  -0.5581  -0.7296   -1.002  -1.1478  -0.4627  -0.6059  -1.0365   1.3468  -0.7751  -0.6155   0.3866   0.8627   0.6914   1.9744  -0.2991   0.4623  -1.1293  -0.2314  -0.7174
 3 A  -0.7036  -0.9347    -0.28     1.35  -1.2783  -0.5691  -0.3113  -1.1701   1.4061   0.0782  -0.8613  -0.7148  -0.7129  -0.5361   1.1382  -0.2674   1.0671  -0.9053   1.0556  -0.5088
 4 A  -0.6008  -0.5232  -0.9293  -1.1718  -1.1647   0.7398  -0.5658  -1.2801  -0.9031   0.4298   0.2204   0.3704  -0.1876   -0.482  -1.3308   0.1994  -0.4912   3.4544   -0.193   0.3565
 5 A  -0.4536  -0.2959  -0.3812  -0.7506  -1.4683   1.4902  -0.2143   1.6613   1.3955  -0.1186  -1.0756   0.5436  -0.7349  -1.3496  -1.1072  -0.4287  -0.7441  -1.3441  -0.7899  -0.8247
 6 A  -0.4841  -0.8159   0.8213   0.8322  -1.2479  -0.3481   0.6244  -0.9493  -0.7236  -0.0177  -1.0253  -0.4775  -0.8533  -1.3852   1.9844   0.5143   0.5945  -1.7236  -1.2209  -0.6166
 7 A  -0.6991   0.4934  -1.0163  -1.3763  -1.1464  -0.7028  -1.0179  -1.4695  -0.3464   0.8605  -0.0499  -0.6419   1.0381   1.1684  -1.3827    0.154  -0.5481  -0.1932   1.9203   0.0029
 8 A  -0.6161  -0.7397   0.6496  -0.8276  -1.1228   0.7274  -0.5846  -1.1458  -0.6977  -0.3133   0.7311  -0.6116    1.083    0.809   1.0992   0.2989   -0.447   -1.049  -0.3804  -0.4871
 9 A  -0.4618   0.0156   1.4968  -0.2445  -1.3459   1.9934   0.1698  -0.7978  -0.2507  -0.8402  -1.1052   0.7339  -0.6332  -1.4938  -0.9454   0.5353  -0.2412  -1.4767  -0.9737  -0.0491
