            A        R        N        D        C        Q        E        G        H        I        L        K        M        F        P        S        T        W        Y        V
 1 A  -1.0873  -0.2969  -0.6245  -1.4904  -0.2981   1.2438  -0.0203  -0.9843   0.7498   1.0482  -0.0348   0.1537  -0.6074   0.9018  -3.0298    0.252  -1.7525  -2.4974   1.5568   -0.576
 2 A  -0.9328   0.7018  -1.9552  -2.9733  -1.5143   -2.441   0.1919  -3.1836  -2.5231  -0.9109   0.5081  -0.1339   0.5778   2.3703  -1.9811   0.2244  -2.5092   2.6802   0.6148  -0.8353
 3 A   0.3568   -0.277  -0.6264  -0.6196  -2.7931  -1.4817  -2.4566  -0.4136   0.2822    0.855   0.2014   1.1977   0.5786  -2.4523  -2.9147  -0.0942  -0.4592  -2.9647   0.2385   0.8802
 4 A   -1.035  -0.1348   0.3343  -2.7063  -2.9684   0.3553  -1.4047   0.6814   0.7381  -1.4724   0.5177  -0.1116   0.3338    0.026   0.3848   0.4801  -0.1135   0.0561   1.0437  -0.1443
 5 A   0.5958  -2.4268   0.8981  -0.3585  -2.7357   0.5203  -2.3232  -2.1267  -2.6669  -0.4924   0.9532   0.3654  -0.5833  -1.8623   0.3995   1.2757  -1.1751  -3.2181  -2.7524   0.5332
 6 A   0.5971   -0.172  -2.6563  -2.8723   0.6086  -2.4465  -1.1199  -0.7215   -2.629  -1.1797    0.907  -0.8673   0.3494  -0.1511   1.5535   1.4231  -1.2266  -0.7709   0.9038  -1.2422
 7 A   0.9668  -0.0937   0.3655  -0.3197  -2.7765  -2.0898    -0.14  -1.6392  -0.7601   0.4145  -2.1576   0.8293   0.2916  -2.9972   0.5684   1.3527   0.9276   -3.291   -2.834   -0.634
 8 A  -1.0214   0.9001   0.3361   -1.901  -2.8717  -0.5393    0.114  -2.9484   0.7239   0.3282   0.0467   0.1808   0.7597   0.2898  -2.9465   1.2042  -1.6093  -0.8139  -2.3395   0.9134
 9 A  -0.1047  -1.8129   0.6998  -1.4422  -2.8318   0.6626  -1.8029   0.2946  -1.4345   0.6133  -0.1509   0.2569  -0.6492   -0.223   0.5484   0.5061   0.9081  -0.8349  -1.5751   0.1284
