            A        R        N        D        C        Q        E        G        H        I        L        K        M        F        P        S        T        W        Y        V
 1 A  -1.6848  -1.3297   0.5571  -2.8352  -3.0854   0.9095  -1.8674   -0.055  -0.2637   0.8673  -0.2077   0.8607   0.3395   1.3002  -3.1312  -1.8856  -0.5305   1.5057   1.7903  -0.7718
 2 A  -0.2725   0.1164  -1.0233  -3.1722  -1.4074  -1.0927  -2.8229    -3.19   0.2609  -0.3578   1.2432  -0.9306   0.4145   1.5396  -3.1543  -0.1497   -0.123  -2.6411  -0.1115   1.1313
 3 A   -0.732  -0.4692   1.2849  -1.4259  -3.0182   0.5241  -0.1838  -2.2886  -2.5534   1.0433   0.5391    1.012  -2.0119   0.6603  -3.0481  -0.1219  -1.7381   2.3165  -2.2072  -0.7453
 4 A   0.1408  -0.7323  -1.6033   -1.377   0.7962   0.9342   0.2568   1.0049  -0.3288  -1.6935   -0.947  -0.2333   -1.381  -1.0921   0.2326   1.6202   0.6542  -3.2207  -2.7814  -0.5843
 5 A   0.5744  -0.1801  -1.8697  -0.8677  -2.7572  -0.3229  -0.2156  -2.9281  -0.8229   0.1361   1.3471  -1.4573   -0.532   0.4318   0.9164   1.0754  -2.2287  -3.0125  -2.4199  -0.2921
 6 A  -0.2582   1.5401   1.0792  -1.0598  -0.7926  -2.0779  -0.7566   0.0912   1.4449   -0.209  -0.7324    0.314   0.7106  -1.3553  -1.2346   0.2864  -0.7026  -2.9561   0.2457  -0.4083
 7 A   0.3686  -0.1383   0.3291  -2.6598    -2.81  -2.3103  -2.4449  -1.7269   0.7062  -0.2863  -0.0187   0.2627  -0.2716  -1.4103   1.9826   1.2171   0.3337  -3.2405  -1.6092   0.1815
 8 A  -0.1126  -2.4141   0.3275  -1.8433  -2.8436   0.1846   0.6513  -0.4067  -2.6179  -0.1247   0.6786   0.4605  -1.1574   0.5344  -1.2187   0.9647   0.4365  -2.9749  -1.5071   0.0088
 9 A  -0.7074  -0.5628   0.6926   1.0022  -2.9945     0.34  -0.0179   -0.585  -2.5058  -0.3799   0.3483  -1.4508  -1.2102   0.8637   0.5277  -0.1158  -1.7403  -2.7972   0.6269   0.6425
