            A        R        N        D        C        Q        E        G        H        I        L        K        M        F        P        S        T        W        Y        V
 1 A  -1.6597  -1.2875   -0.402  -2.7145  -3.0656   0.8108   0.3554   -3.107  -0.3006  -0.1369    1.075   0.9478  -1.0973    1.287   0.2025   0.2406   -2.431   2.3327    0.144  -1.8381
 2 A  -0.5286  -1.1473   -2.846  -2.2094  -2.7938  -2.7043   -2.094  -0.3042   -0.793   1.0927  -0.1199  -0.7294   1.2252    1.909  -3.1431   0.2443    0.176  -0.6755   0.8484   0.5852
 3 A  -0.5258   0.4631   0.5898  -1.8376  -0.7761     0.71   0.3821  -0.5732   0.7284   0.6815  -0.6662   1.2794   0.5463  -2.8486   0.0281  -1.3413  -0.4766  -3.2128  -2.6843   0.4557
 4 A   0.9152   0.5154  -1.2522  -2.7862  -0.7018  -1.5089  -2.4936  -0.8824  -1.4372  -1.7452   0.5235  -0.2481  -1.1803   0.6582  -0.7732   1.6632   0.4646  -2.8931  -0.5136   0.0999
 5 A  -2.3556  -1.9471   0.5741  -2.6999   0.0758   0.3374  -0.8201  -1.4896   1.1924   0.5525   1.0431  -2.5278   0.3751   -0.361   1.4733   1.0143  -0.6796   -2.939   0.0516  -0.9355
 6 A  -0.5099   0.6716  -0.1221  -0.1732   0.0453  -0.2231  -0.9515   0.2943  -2.3844  -2.2383  -0.9573    1.575  -0.7816  -0.6824   1.6275   0.0687  -0.1173  -0.7906   1.0156  -2.2046
 7 A   1.5026  -1.4042   0.9212   0.3954  -2.6819  -2.2741  -0.9851  -0.4555  -2.5331  -0.6397  -1.0663  -0.8272  -2.4463  -2.8216  -0.4236   1.8705  -0.8131  -0.0011  -0.2847   0.0791
 8 A   -0.535   0.2775  -1.3853  -1.1503  -2.8159  -0.0357   0.6397  -3.1891  -2.7664   -0.118   0.8762   -0.623   1.9273   0.4435   0.3781  -0.8733  -0.9734  -2.9604  -2.4028   1.0866
 9 A  -1.0206   0.3169   0.3452  -0.7888  -2.8745    0.686  -0.3289  -0.4098  -2.6211   0.6912   0.2408   0.5817  -0.2171  -0.4336    -1.82   0.6739   0.9089  -3.1012  -2.6315   0.0391
