            A        R        N        D        C        Q        E        G        H        I        L        K        M        F        P        S        T        W        Y        V
 1 A  -2.0831  -2.6884  -3.0405  -3.3033   -2.963   -2.715  -2.1153  -0.6461  -0.7425   0.6705   0.7349   0.6777  -1.0444   1.8846   -3.299  -1.6067  -1.4104   2.2179    1.887   0.5614
 2 A  -1.8638   0.1682    0.816  -1.0578  -0.7652   0.3671  -0.5359  -0.2632   1.3268   -0.416  -0.1692  -0.4116  -2.1982   1.1097   -2.953   1.0326   0.4385  -0.7839  -1.3317   0.3477
 3 A  -1.8274  -0.2082  -0.8552  -0.7981  -0.2903   1.5163   -0.921   -1.449  -2.5375   0.5967   0.5767   1.4806  -2.0577  -0.9836   0.0349   1.3704  -1.6125  -3.1004  -1.0115  -0.9846
 4 A   0.5779  -2.7797  -2.8434  -3.0641   -2.715  -0.6596  -1.1692   -0.583  -1.4151  -0.0406   0.6479    -1.22   2.2092   1.0003  -1.8924   0.2669   0.0461   0.0864   1.1781   0.2537
 5 A   0.6525  -0.5475   0.1639   -1.995  -1.3923   -1.004  -0.3922  -1.1671   0.2782   0.4316   0.9277  -0.6486  -1.0819  -1.7325    0.023   0.4857  -0.2549  -3.0192  -0.2465   0.6964
 6 A   0.5571   0.5397   1.1062   -2.272  -2.8384  -2.0479  -0.1381  -0.4703   0.7445  -0.9396  -2.9581  -0.1891  -2.6315  -2.0466   0.7064   2.1922   -0.015  -3.1758   -0.595  -0.9419
 7 A  -0.3618   0.7849   -0.614   0.1059  -2.9186  -0.6089  -0.3642   0.1847  -1.4608   -0.125    0.344  -2.3019  -1.2318  -0.9943   1.9313   0.3769  -1.2822   -3.194  -1.0369   0.5841
 8 A  -1.0386   0.2019   0.3482  -0.0203  -0.7612  -0.9251  -0.9989  -1.7792  -2.6171  -0.4315   0.8585   1.1521   -2.075   0.6474   0.3958   1.0334   0.4392  -3.0269  -2.4472  -1.5338
 9 A   0.0937  -2.7348  -0.1933  -0.6194  -2.6921    0.495  -0.8283  -0.4265  -1.4962   0.4758   1.2074   -1.526   0.4104  -2.3594  -3.0044   0.2667  -0.0901  -0.8189  -0.5833      1.1
