            A        R        N        D        C        Q        E        G        H        I        L        K        M        F        P        S        T        W        Y        V
 1 A  -0.3291  -0.4306  -1.1044  -0.7047  -0.3672   0.3866  -0.8886   -1.512  -0.2031   0.3083   0.9683   0.0324   0.6932   0.3179  -1.4209   0.1739  -0.1528  -1.1303   0.3401   0.4477
 2 A  -0.7589  -0.0809  -1.0051  -1.1572     0.08  -1.1114  -1.3077  -0.7254   0.1253   0.6919   0.6798  -0.7317   0.3939   0.6916   0.5986  -1.0647  -0.2967   1.7638   0.0377   0.5447
 3 A  -0.4732   0.1934   0.1398   -0.644   -1.388     1.38  -0.0145  -1.3596   0.1418   0.0888   0.2819   0.8162   1.3223  -0.3928   -1.292  -0.0795  -0.3833  -1.3542  -0.4427  -0.2039
 4 A   0.4268  -0.2856  -0.3123  -1.1409  -1.1991   0.4653  -0.2978  -0.3492  -0.9278   0.1839   0.1449  -0.2808   0.2354   0.3012   0.6602   0.0884   0.1269   -1.165   0.4646   0.0186
 5 A  -0.4938   0.0162  -0.2653   -0.829   0.1721  -0.1214   -0.402  -0.5895  -0.0668   0.8692   0.4117  -0.6795   0.4069   0.4713   -0.907  -0.7234   -0.531  -1.1758   0.2386   0.8126
 6 A  -0.2596   0.5881   0.5068  -0.0921  -1.4403  -0.4392   0.0783  -0.5182   0.5688    -0.58  -0.3542   0.5374  -0.8195  -0.6701   1.1822    0.675  -0.3045  -1.4218   0.1326  -0.4805
 7 A  -0.2889   -0.935   1.0716   0.5503  -0.5546   0.4078  -0.5924  -0.4676   0.3234  -0.3668  -0.2396  -0.5438  -0.7465   0.1924   0.8928   0.6211  -0.0508    -1.29   0.3548  -0.4333
 8 A  -0.3561  -0.6069  -0.6906  -0.7116  -1.1663   0.9977  -0.7714  -1.4812  -0.3823   0.8082    1.011  -0.3068   0.4873  -0.7421   0.0618   0.3447  -0.6156  -1.4262  -0.4899   0.2615
 9 A   0.3843   0.5627  -0.1127  -0.7521  -0.4411   0.5469  -0.3625   0.7283  -0.8143  -0.3071  -0.6849   0.4193   0.2897   -0.267  -0.6612   0.1004   0.0784  -1.2244   0.3997  -0.4272
