            A        R        N        D        C        Q        E        G        H        I        L        K        M        F        P        S        T        W        Y        V
 1 A  -0.5424  -0.0239   0.2023  -0.5662  -1.4967   1.1965   0.3747  -0.5361   0.4725  -0.2121   0.1573   1.0945  -0.2527  -1.1221  -0.5315   0.0844  -0.0792   0.3479  -0.2967  -0.4868
 2 A  -0.5889  -0.7518  -0.0855  -1.4414   0.2353  -0.4363  -0.9114  -1.6469  -0.0951   0.8474   0.6543  -0.7779   1.2618   0.2544   0.1213   -0.546  -0.3432    0.096    0.763   0.5725
 3 A  -0.1995    0.841   0.6211  -0.1922  -1.4064   0.6529  -0.3837  -0.4426  -0.8054   0.0845  -0.0455   0.6088  -0.5832  -0.4647   -0.603  -0.0737  -0.3017  -1.3494   0.1528   0.1893
 4 A  -0.3772  -0.3298  -0.7315  -1.1325  -0.0816  -0.6984  -1.2663  -1.2602  -0.5818   0.3767   1.0416  -1.1045   0.8549   0.8132   0.4373  -0.2428  -0.5273  -1.0386   0.5765   0.4162
 5 A     0.13  -0.0215  -0.1624  -0.4165  -1.2544   0.6248   -0.048   0.1725  -0.3806   0.4824   0.3834  -0.1895   0.5634  -0.0682  -1.3692   0.0205  -0.6955  -1.4363  -0.9288   0.2338
 6 A  -0.4511   0.9431   0.3883  -0.8524  -0.6082   0.7796   0.2614  -0.9471    0.151  -0.5945  -0.0758   0.6747  -0.6856  -0.4749    0.296   0.3039  -0.1132   0.7237   0.0938   -0.592
 7 A  -0.2878   0.1764   0.2284   -0.324   -1.455   1.9663   0.4189  -0.8947   0.3629  -0.5971  -0.2877   0.1709   0.0588  -0.6302  -0.1362   0.2052    0.229  -1.4691  -0.5877  -0.2202
 8 A   0.2805  -0.6753   0.1712  -1.0433  -1.2819   -0.443  -0.3727  -0.6355   -0.291  -0.3007   0.3526  -0.1219   0.1663  -0.2027   2.1481   0.4348  -0.6417  -1.6414  -1.0178  -0.5933
 9 A  -0.2298  -0.6019   -1.237  -0.9868  -0.3833   0.6684  -0.6157  -0.7711  -0.6029   1.1755   0.6431  -0.7065    0.808  -0.2391   -0.369  -0.2029  -0.3069   -1.384  -0.4255   0.5956
