            A        R        N        D        C        Q        E        G        H        I        L        K        M        F        P        S        T        W        Y        V
 1 A  -0.3821  -0.2644   0.6051  -0.4756  -1.4192   0.7398  -0.2572  -0.8772  -0.2793  -0.3206   0.0975   0.0268   0.1438    0.405  -1.4318   0.2282   -0.513   2.0827   0.9839   0.0392
 2 A  -0.3724  -0.5926  -0.8469  -1.4338   -1.189  -0.5369  -0.5543  -1.6343   0.9988    0.419   0.9712  -0.3734   0.3572   0.5196  -0.0575  -0.6212   0.1891  -1.1771   0.1283   0.6414
 3 A  -0.4928  -0.0241  -0.9569  -1.6223   0.6532   -0.707  -1.0437  -0.7966  -0.7583   1.3944   1.1866  -0.8273   0.0393  -0.6596   -1.594  -0.4725  -0.4323  -1.4973   -1.065   0.5567
 4 A  -0.1511   0.8283  -0.4345  -1.0514  -1.4342    1.491   0.0711  -0.5818   0.1883   -0.437   0.0552   0.5851   1.2688   -0.154  -1.3292  -0.4061  -0.4751    0.062  -0.4791  -0.1291
 5 A   0.2908   0.0249    0.172  -0.0473  -0.5629   0.0966  -0.7297   0.0744  -0.4081   -0.578  -0.2101  -0.1273   0.4268  -0.2399   0.4534   0.7306  -0.2539   1.3585   0.2002  -0.4961
 6 A  -0.4168   -0.281  -0.3699  -0.7333  -0.2456   0.4688  -0.1993   -1.486   1.5233   0.3705   0.5736  -0.1934   0.4979  -0.7343  -0.1135  -0.1897   0.1151  -1.2604     0.37   0.1428
 7 A  -0.1076   0.1711   0.1782  -0.5483    0.236  -0.0215  -0.5646  -0.3711   0.1236  -0.4098  -0.2294   0.1508  -0.0182  -0.8341   1.8759   0.2377   0.1305  -1.6623  -0.7341  -0.2994
 8 A   0.2082  -0.0857  -0.3078   0.1552  -1.2287   0.2727  -0.1779  -0.9262  -0.4504   0.6344   0.6174   0.1299  -0.0186  -0.3484  -1.3478   -0.128  -0.2836  -1.3819  -0.2026   0.2516
 9 A  -0.1811   0.1674   1.1466   0.1555  -1.4441   0.4953   0.1835   -0.548   0.2703  -0.0417  -0.2576   0.4993  -0.3821  -0.0619  -0.6032   0.3418  -0.2124  -1.5137  -0.9097  -0.3424
