            A        R        N        D        C        Q        E        G        H        I        L        K        M        F        P        S        T        W        Y        V
 1 A  -0.3591  -0.2168  -0.1116   0.0257  -1.4774   0.2671   0.1014  -0.4835   0.1679    0.067  -0.6685   0.2301  -0.3327   0.2945   1.3398   0.0783  -0.4291   1.5375  -0.2144   -0.064
 2 A  -0.0403  -0.1119  -1.0524  -0.6386  -1.2747   0.3323  -0.5633  -0.3881  -0.1104   0.3966   0.4663   0.4624   0.4202   0.2362  -0.8823  -0.3237  -0.0677  -1.1179   0.6085   0.2708
 3 A  -0.8299  -0.2673   0.0312  -0.8935  -1.2358  -0.5231  -0.6182  -0.9926  -1.0257   0.7336   0.8862  -0.6565  -0.1915   0.3812  -0.0413   0.1414   0.1941  -1.0862   0.7199   0.2506
 4 A   -0.374   0.0054   0.6576  -0.2243  -1.4117   0.4803  -0.4199  -0.8612   0.7008  -0.0949   0.2973   0.6685   0.1055  -0.6995   0.7681   0.0463  -0.2951  -1.5311  -0.5548   -0.127
 5 A  -0.0138  -0.4759  -0.6917  -1.0064  -0.4913   0.5743   -0.642   0.3488  -0.5539   0.0803   0.9545  -0.5487   0.7969   -0.391  -0.9508   0.0248  -0.3333   0.1809  -0.9652   0.2566
 6 A   -0.058   -0.181  -0.7863  -0.6976  -1.2467   1.4334   0.0158  -1.0062  -0.9663   0.6047   0.7291   -0.426   0.8254   -0.351   -1.433   -0.538  -0.7465  -1.2882   0.0307   0.4919
 7 A  -0.5941   0.9458   0.1389  -0.4084   0.6316   0.6927   0.1577  -1.4476  -0.2956   0.2535   0.1421  -0.2402   0.9147   -0.156   0.2394  -0.0494  -0.3045  -1.4262   -0.522  -0.2805
 8 A   0.3779  -0.6455   1.3822   0.5801  -0.2811    0.774  -0.2204  -0.5672   0.7001  -1.0789  -1.0487   0.2385  -0.2986  -0.3638  -0.3637   0.7437  -0.0405   -1.389   0.1895  -1.1371
 9 A  -0.2995  -0.5806   0.0402  -0.5428   0.0655  -0.2256  -0.5422  -0.8524   0.9163   0.1633  -0.0311    0.081   0.1046  -0.3769   1.6893   0.1393     0.42   -1.616  -0.9142  -0.1918
