            A        R        N        D        C        Q        E        G        H        I        L        K        M        F        P        S        T        W        Y        V
 1 A  -0.0905   1.6695  -0.8214  -1.1931  -1.4333   0.6696  -0.5289  -0.0684  -0.5961  -0.8142  -0.4676   0.8945   2.0621  -0.7984  -1.2719  -0.6223  -0.7672  -1.0559   0.5515  -0.8104
 2 A   0.7144  -1.2046   0.1226  -1.3737  -1.1045  -0.9813  -1.1549  -1.2341    0.926   0.2392   0.4462  -1.1222   0.7765   1.2011  -1.4234  -0.6917  -0.7666  -0.5961   1.4745   0.1713
 3 A  -1.0122    0.411  -1.1009  -1.3903  -1.4772   0.4725  -0.7285  -1.5409  -0.9863  -0.5811   0.8295   1.0092  -0.2466   0.4718  -1.4984  -0.8851    0.046   3.3484  -0.2033  -0.7486
 4 A  -0.7107   0.2189   0.9246   0.2842  -1.2968  -0.5463   0.1685  -0.0719   -0.961   0.2982  -0.5804   0.1376   0.6228  -1.1848   0.5465  -0.6681  -0.6108  -1.6494  -1.2059   1.0211
 5 A   0.4408   0.7982   -1.115   -1.433  -1.1307  -0.7051  -1.0241   0.5948  -0.9826    0.257   0.3824   0.1416   0.7444  -0.6458  -1.3419  -0.6929  -0.7303  -1.1201   0.5334   0.5204
 6 A  -0.8528  -0.7122  -0.9924  -1.3126  -1.4854   0.3826   -0.817  -0.1097   0.8448   0.4134  -0.6729    0.533  -0.5869   1.0469  -1.5417  -0.1004  -0.8276   3.3528    0.051  -0.0164
 7 A  -0.1018   2.6507  -0.4505    0.205  -1.7185   0.0739   -0.258  -1.1861  -0.5942  -1.7356  -1.4613   1.1695  -1.0499  -1.7587  -1.1426   0.1627  -0.6819  -1.5763  -1.2496  -1.4249
 8 A   0.7708  -0.6347  -0.5449   0.8396   -1.211  -0.5054  -0.4381  -0.9947   1.6216   0.2932  -0.9576    0.618  -0.7846  -1.3061    0.631  -0.2772   0.7202  -1.6047  -0.8471  -0.5284
 9 A  -0.0964  -0.2104  -0.3722   0.2589  -1.7304  -0.2037  -0.2882   0.0283   2.8164  -1.7324  -1.6619   1.3383  -1.1751  -1.5006   1.3746  -0.5218  -0.9072  -1.5466  -0.4231  -1.5989
