            A        R        N        D        C        Q        E        G        H        I        L        K        M        F        P        S        T        W        Y        V
 1 A   0.4212   1.0814  -0.6715  -0.7982  -1.3872   1.6283   0.4929  -1.1313  -0.6864   -0.238  -0.3313   1.2223  -0.5884  -1.4295  -1.0433  -0.3579   0.1935  -1.5175   -1.114  -0.7249
 2 A  -1.1916  -1.4592  -1.7084  -1.9762  -1.3855  -1.3371  -1.5787  -1.8068   -0.914   -0.216   0.3031  -1.5312   1.7987   2.1896  -2.0134  -1.3597  -1.0768   3.3914    1.249   0.0301
 3 A  -0.9494   1.9156  -0.8781  -1.2813  -1.6097   0.6407  -0.5487  -1.5907  -0.3716  -0.0734  -0.2144   0.9208  -0.5405  -0.3297  -1.3606    -0.84  -0.8425  -0.6337   1.7804  -0.1044
 4 A  -0.5759   0.3459   0.9829  -0.7582  -1.3744  -0.4983  -0.6777   0.0532  -0.7623  -0.2403  -0.8347     0.68   0.5461   0.9142   0.5801   0.9465  -0.4561  -1.2488  -0.5637  -0.8575
 5 A  -0.7995   1.8681   1.4429   0.4121  -1.6087  -0.1995   0.3078   0.0206  -0.5815  -1.1064  -0.5083  -0.0013  -0.8802  -1.4665  -1.2709   0.1658  -0.6101  -1.6143   -1.276  -0.3897
 6 A   1.1018  -1.0967  -0.8029   -1.188  -1.0291  -0.7882  -0.9164   0.7006   2.1146   0.4609  -0.1699   -0.934   -0.531  -1.0159  -1.1797   0.2009  -0.6246  -1.4352  -0.6286   0.1338
 7 A   0.3954   1.0587  -0.9256  -1.1535  -1.3178  -0.2848  -0.5534  -1.2269  -1.0014   0.7413  -0.1234   1.6257  -0.4909  -1.2209   0.6072  -0.5859  -0.6914  -1.5971  -1.1561   -0.335
 8 A   1.0481  -0.3736  -0.7245   0.8205  -1.2316  -0.4202  -0.3837  -0.9362  -0.8306  -0.2006  -0.3454   1.3126  -0.7294  -0.9784   0.6399  -0.3612   -0.667  -1.2959   0.4944  -0.6767
 9 A  -0.9822   0.9472  -0.7494  -0.8658  -1.7004  -0.1954   0.7655  -1.4385   1.6645  -0.3103  -0.9275   0.7598   0.5398  -0.8565  -1.3763  -0.7151   0.0491   3.3419   -0.221  -0.9491
