            A        R        N        D        C        Q        E        G        H        I        L        K        M        F        P        S        T        W        Y        V
 1 A   0.7653   0.9376   0.2753  -1.0309   -1.208   0.5559  -0.5923   0.0537  -0.8645  -0.0465   0.2662   0.7654   0.6917  -1.1206   -1.174  -0.4466  -0.6685  -1.4819  -1.1279  -0.5458
 2 A   0.2595  -0.0053  -1.5178  -1.7804   -1.388  -1.1181  -1.3251  -1.4658  -0.6264   0.7505  -0.5405  -1.0817  -0.5405    0.831  -1.7071  -1.0096  -0.9857   3.7775   1.9685  -0.3433
 3 A  -0.9607    1.895  -0.9246  -1.2928  -1.5988   1.1545  -0.5092  -1.5467  -0.7655  -0.6476  -0.2327   0.5163  -0.5424   0.3076  -1.4919  -0.8725  -0.8486   2.7898  -0.3786   0.2468
 4 A  -0.7853   0.3908   1.3356  -0.8592   1.0459   -0.533  -0.7801   -1.308  -0.9325   0.6555  -0.0407   1.0148  -0.4187   -1.094  -1.3377  -0.6793  -0.5844   -1.624  -1.1527   0.8391
 5 A   0.4177   1.9014   0.3536  -0.9688  -1.3685   0.6526  -0.4663  -1.1025  -0.5563  -0.9226  -0.3721   0.5615  -0.6793  -0.9794  -1.1797   0.1817  -0.5907  -1.1802   0.5278  -0.2255
 6 A   0.8364  -1.1956  -1.0597  -1.2558  -1.0759  -0.9149  -0.9807    -0.97   -1.147    0.345  -0.7096  -0.9495   0.5817  -0.8136   1.3498   0.9457  -0.4557    3.335  -0.4944  -0.4683
 7 A  -0.9067   1.9899  -0.3373   0.2422  -1.9454   0.0465  -0.2128  -0.0412   2.1787  -1.8321  -1.5997   1.5371  -1.1115    -1.61  -1.1688  -0.5932  -0.9108   -1.489  -0.6892  -1.6742
 8 A   1.0802  -1.1359  -0.8054   0.1002  -1.0257   -0.845  -0.8584   0.6954   0.8462  -0.6731   0.4976  -0.9383  -0.4614  -0.7109  -1.1431  -0.2831   0.7008  -1.1297   0.5742  -0.6022
 9 A  -0.9639   1.0449  -0.6332  -1.0726   -1.918  -0.2322  -0.4907  -0.0621   2.1577  -1.7312   -1.532   1.3856  -1.1108  -1.0544   0.5421   -0.763   -1.023   3.3389  -0.1629  -1.6578
