            A        R        N        D        C        Q        E        G        H        I        L        K        M        F        P        S        T        W        Y        V
 1 A    0.338  -0.9625  -0.3254   0.1234   0.7851  -0.6162  -0.5695  -0.7213  -1.0048   -0.602  -1.4636  -0.6805  -1.0593   -1.575  -0.9471   2.6393   0.0662  -1.8104  -1.3709  -1.0148
 2 A  -0.3743  -0.9838  -0.2219  -1.6543  -1.1892   0.0979  -1.2184  -1.7817   -1.428   0.0385   2.0003   0.2366   0.2247  -0.5487  -1.6462  -1.1876  -0.9337  -1.4525  -1.0682   0.1219
 3 A   0.0155  -0.2553  -0.7287  -1.0666  -1.5675  -1.0195  -0.3002   2.7312  -1.3121  -0.8021  -1.7717  -0.9745  -1.5033  -1.8235  -1.4256  -0.5534  -0.1906  -1.7122  -1.8099  -1.4386
 4 A   -0.214   0.8383  -0.6138  -0.8877  -1.8866    0.718  -0.1384  -0.2364  -0.7998  -1.7616  -1.6469   2.7567  -1.1497  -2.0288  -1.0137  -0.5257  -0.8317  -1.7632  -1.3641  -1.5581
 5 A  -1.3802  -1.3887  -1.6652  -1.9416   0.5712  -1.3786  -1.4949  -0.4454  -1.2727  -1.5868  -1.4036  -0.4906  -1.2055  -0.3789    0.002  -1.3373  -0.3437   5.1913   0.3088  -1.5873
 6 A    -1.11  -1.6167  -2.1005  -2.2459  -1.0641  -1.5576   -1.879  -2.2432  -1.8753   0.8898   2.2148  -1.6667   0.4313  -0.3258  -1.8941  -1.6405  -0.9817  -1.3953  -1.0079   0.6631
 7 A   0.0522  -1.3209  -0.7145  -1.1545  -1.4821  -1.1115  -1.3189   2.7336  -1.3901  -1.5852  -1.7946  -0.2728  -1.4938  -1.8366  -1.3837  -0.4821   0.3845  -1.7202  -1.8036  -0.6807
 8 A   0.0724   -0.634  -0.3327  -0.9988  -1.9053  -0.3529  -0.5305  -0.2638   4.0424  -1.9103  -1.7694  -0.0808  -1.1792  -1.2045  -1.3872  -0.7326  -1.2389  -1.3272   0.1499  -1.8443
 9 A  -0.2273   -1.444  -1.4171   -1.294  -1.6289  -1.1383  -1.0492    -1.43  -1.4476  -1.6261  -1.5897  -0.9581   0.1077  -2.1028   3.8728  -0.7877  -0.9243  -2.5753  -1.6896  -1.4862
