            A        R        N        D        C        Q        E        G        H        I        L        K        M        F        P        S        T        W        Y        V
 1 A   0.2618  -1.0759  -0.5298  -0.8965   0.7857  -0.7627  -0.7891  -0.8588   -1.099   0.4252  -1.0399  -0.8117  -0.8253  -0.0721  -1.0594   2.4548  -0.0293  -1.6179  -1.0543   -0.635
 2 A  -0.3291  -0.8412  -1.4831  -1.6588  -1.2113   1.1921  -0.9345  -1.7834  -1.3475   0.0116   1.8149    0.314   0.1558  -0.6538   -1.585  -1.1335  -0.9035   -1.468  -1.0631   0.4183
 3 A  -0.4761  -0.2326   0.2186  -0.9323  -1.6836  -0.9774  -0.2803   2.8195  -1.2091  -2.1475  -2.1106  -0.9403  -1.7183  -1.9536  -1.4448  -0.5387   -0.203  -1.7308  -1.8779  -1.8755
 4 A   0.2214   0.7191  -0.6931  -0.9711  -1.6742  -0.0469   -0.304  -0.2242  -0.9217  -0.6222  -1.4056    2.573  -1.0493  -1.8425   -1.032  -0.4741  -0.0218   -1.751  -1.3612   -1.163
 5 A   -0.559  -1.5442  -1.6894  -2.0054   0.6001  -1.4253  -1.5488  -1.6046  -1.0085  -1.4107  -1.2693   -1.579  -1.0933  -0.1132  -2.1723  -1.1863   0.2835   5.0983   1.4516  -1.3593
 6 A   -0.343  -1.3189  -1.7987  -1.9915  -1.0668   -1.305  -1.5821  -1.9378  -1.7328   0.5353   2.0318  -0.4425   0.2959  -0.4613  -1.6996  -1.2484  -0.0902  -1.4339  -1.0499   0.5714
 7 A  -0.4159  -1.6029  -0.7317  -1.1769  -1.5793  -1.2812  -1.4805   2.8991  -1.4405   -1.732  -1.9388  -1.2231  -1.6399  -1.8995   0.2028  -0.5949  -0.2099  -1.7618  -1.9107  -0.7915
 8 A   0.0782   -0.684  -0.4309  -1.0735  -1.8276  -0.4058  -0.6032  -0.2838   3.8596  -1.6513  -1.4641  -0.1042   0.2724  -0.9299  -1.4102  -0.7582  -1.2035  -1.1312   0.8457  -1.6224
 9 A  -0.2353  -1.4663   -1.444   -1.326  -1.5912  -1.1636  -1.0868    -1.46  -1.4702  -0.6059  -1.3943  -0.9894   0.1583  -1.9605    3.792  -0.8179  -0.9173  -2.4984  -1.6496    -1.22
