            A        R        N        D        C        Q        E        G        H        I        L        K        M        F        P        S        T        W        Y        V
 1 A  -0.0896  -1.0711  -0.4289  -0.8331   0.7592   -0.751  -0.7876   0.8483  -1.0646  -0.6077  -1.4236  -0.7969  -1.0795  -0.1457  -1.0661   2.4579  -0.0722  -1.6303  -1.1464  -1.0875
 2 A  -0.3537   -1.258  -1.7918  -1.9364  -1.1067   0.0041  -1.4218  -1.9476  -1.6485   1.0041   1.8689  -0.3914   0.2532   -0.508  -1.7131  -1.3276  -0.9087  -1.4602  -1.0519   0.6305
 3 A   0.0408  -1.4142   0.2169  -1.0207  -1.4475  -1.1115  -1.2985   2.6454  -1.3046  -1.7879    -1.87  -1.0904   -1.529  -1.8445   -1.341  -0.3391   1.1018  -1.7175  -1.7889  -1.4846
 4 A  -0.2072   0.4746   -0.606  -0.8722  -1.8291   0.1149  -0.1382  -1.1834  -0.8389  -1.6614  -1.5988   2.8984  -1.1258     -2.0   -0.958  -0.4638  -0.0171  -1.7742  -1.3491  -1.4643
 5 A   -0.546   -1.333  -1.6849  -1.8445   -1.929  -1.2745  -1.3504  -1.5873  -0.9836  -1.5868   -1.421  -0.4126  -1.2308  -0.2677    1.771  -1.2776  -1.3225   4.8773   1.3811  -1.5615
 6 A   0.4527  -1.4722   -1.838  -2.0109  -1.0134  -1.3679  -1.6223   -1.722   -1.707   0.1127   2.1741  -1.4555   0.3274  -0.4287  -1.6462  -1.0949   -0.103  -1.4028  -1.0482  -0.1494
 7 A   0.0004  -1.4245   -0.832  -1.2427  -1.5188  -1.2212  -1.4424   2.7283  -1.4405   0.2979  -1.4064  -0.3239  -1.2787  -1.6522  -1.4837  -0.6784  -1.1048  -1.7149   -1.772  -1.0161
 8 A  -0.4457   1.0485  -0.4336  -1.0911  -1.9563  -0.2838  -0.5493  -1.4077   3.7602  -1.6882  -1.4444   0.1086   0.2798  -0.9644  -1.4445   -0.829  -1.2073  -1.1401    0.815   -1.674
 9 A  -0.8935   0.8648   -1.277  -1.2654  -1.7975  -0.9167  -0.9485  -1.5161  -1.3111   -1.884  -1.8558  -0.5911  -1.6386  -2.2564   3.7918   -0.838   -0.967  -2.5422  -1.7018  -1.7003
