            A        R        N        D        C        Q        E        G        H        I        L        K        M        F        P        S        T        W        Y        V
 1 A    0.206  -1.0688  -0.4206   0.6198  -1.0937  -0.7256  -0.6099   -0.866  -1.0562   0.4082  -1.0963  -0.7878  -0.8759  -0.0854  -1.0627   2.3622  -0.0802  -1.6415  -1.0792  -0.6919
 2 A  -1.0913  -0.9263     0.51  -1.4009  -1.2868    1.184  -0.9637  -1.7701  -1.2044  -0.0468   1.9002   -0.199   0.1696  -0.6228  -1.6643   -1.149  -0.9166   -1.468  -1.0689   0.0544
 3 A  -0.5333    -0.26   0.1646     -1.0  -1.6583   -1.039  -0.3156   2.7274  -1.2549  -0.1828  -1.6426  -0.9966  -1.4406  -1.7585  -1.5086  -0.6697  -1.1232  -1.7242  -1.8042  -1.3196
 4 A   0.2201   0.6774  -0.6834    -0.95  -1.6716   1.0851  -0.2293  -0.2275   -0.857  -0.6248  -1.3947   2.3901  -1.0059  -1.8489  -1.0546   -0.468  -0.0187  -1.7321  -1.3337   -1.155
 5 A  -0.4116  -1.3071  -1.4102  -1.7267   0.6139   -1.228  -1.3696   0.2388  -1.0093  -1.4734  -1.3694  -0.4016  -1.1674  -0.3501    0.092  -0.9747   0.3205   4.6195   1.3132  -1.3756
 6 A  -0.3384  -1.3524  -1.7946  -1.9724  -1.0668  -1.3272  -1.5966  -1.9416  -1.7503   1.0143   1.8715  -0.4466   0.2517  -0.4938  -1.6952  -1.2453  -0.0763  -1.4602  -1.0614    0.647
 7 A   0.0338  -1.2825  -0.7366  -1.1522  -1.4446   -1.077  -1.2612   2.5407  -1.3916  -1.4929   -1.715  -0.2519  -1.4293    -1.82   0.2452  -0.4392   0.7941   -1.751  -1.7526  -0.6206
 8 A   0.4548  -0.6108  -0.4945  -1.0841  -1.7203  -0.4004  -0.5966  -0.2455   3.6458  -1.5921  -1.4264   0.3918   0.2766  -0.9814  -1.3437  -0.6761  -1.1205  -1.1723   0.7713  -1.5043
 9 A  -0.2353  -1.4663   -1.444   -1.326  -1.5912  -1.1636  -1.0868    -1.46  -1.4702  -0.6059  -1.3943  -0.9894   0.1583  -1.9605    3.792  -0.8179  -0.9173  -2.4984  -1.6496    -1.22
