            A        R        N        D        C        Q        E        G        H        I        L        K        M        F        P        S        T        W        Y        V
 1 A  -0.7623  -1.1261  -1.6926  -1.8575  -0.6545  -1.0981  -1.4472  -1.8252  -1.3927   0.7345   1.9696  -1.2255   0.9598   0.1903  -1.4862  -1.2586  -0.6392  -0.9012  -0.5496   0.3696
 2 A  -0.1601  -1.1232  -0.5569  -0.7678  -1.2733  -0.8086  -0.8339   1.9074  -1.0065  -1.6338  -1.6467  -0.6577  -1.3723  -1.7202   2.7424  -0.2886  -0.6588   -1.729  -1.4618  -1.4292
 3 A  -0.4051   1.0138  -0.1454  -0.4084  -1.5681   0.6254   0.3622  -0.8051  -0.3575  -1.3294   -1.225   2.3331  -0.7182   -1.629  -0.5274    -0.12  -0.3899  -1.3505  -0.9159  -1.1828
 4 A  -0.7934  -1.1291  -1.2536  -1.2536  -1.5105  -0.9501  -0.9033  -1.1827  -0.9165  -1.3061   -1.179  -0.8866     -1.0  -0.3835   2.7114   -0.804  -0.8208   4.2794   0.3131  -1.2806
 5 A  -0.5755  -1.0823  -1.2916  -1.2536  -0.9445  -0.9105  -0.9658  -1.3925  -1.2054   0.0256    1.096  -0.8291   0.2321  -0.5042   2.7296  -0.7698    -0.58   -1.451  -0.8911  -0.2274
 6 A   -0.158   0.2934  -0.1877  -0.5508  -1.3944   0.0619  -0.1925   1.9251  -0.6331  -1.5769  -1.4981   1.4876  -1.0344  -1.5967  -0.7748    -0.15  -0.5841   -1.323  -1.2161   -1.383
 7 A  -0.6116  -0.5671  -0.2593  -0.6708  -1.5105  -0.2358   -0.298  -1.0208   2.8705  -1.5102  -1.4407  -0.4419  -0.9944  -1.1435   2.7429  -0.4369   -0.726  -1.3785   0.1048  -1.4662
 8 A   1.3322  -1.0038  -1.1247  -1.2136  -0.3219  -0.7203   -0.788  -0.5515  -1.2054    0.583  -0.0903   -0.745  -0.0548  -0.7427  -0.7842     0.02  -0.0673  -1.2828  -0.7769   1.2642
 9 A  -0.0006  -0.5997   0.4233   2.0817  -1.0286  -0.1365   0.3845  -0.4191  -0.4849  -1.4128  -1.5307  -0.2587  -1.0286  -1.4213  -0.6108   1.3289   0.1743  -1.5752  -1.1856  -1.1696
