            A        R        N        D        C        Q        E        G        H        I        L        K        M        F        P        S        T        W        Y        V
 1 A  -0.3935  -1.4738  -1.6229  -1.7154   -0.585  -1.2706  -1.4695  -1.7932  -1.7342   1.7033   0.4429  -1.3194   0.3189  -0.3765  -1.4164  -1.0496  -0.2738  -1.3107  -0.7465   1.8285
 2 A  -0.1777  -0.5239   -0.496  -0.8085  -0.7639   1.0802  -0.2918  -1.0211  -0.7989   0.0851   0.4689  -0.3715   0.0233  -0.7616  -0.9175   0.7163   0.9513  -1.2459  -0.8065   0.5898
 3 A   0.5114   1.2279   1.1608  -0.0819  -1.3113   0.2978   1.0155  -0.6503  -0.2742  -1.4046  -1.2981   1.0582  -0.8949  -1.5102  -0.7794   0.0009  -0.3863  -1.4109  -1.0321  -1.0461
 4 A  -0.4296  -0.8807  -0.3421   1.0138   -0.983  -0.4695  -0.4558   0.8817  -0.8443  -0.3139  -0.0539  -0.6755   1.9444  -0.7472  -1.0587  -0.1976   0.7773  -1.1792  -0.9735   -0.373
 5 A  -0.8376   0.9402   1.1418   1.0952   2.1414  -0.3973  -0.3292  -0.9454  -0.5365  -1.3585   -1.255  -0.2581     -1.0  -0.9519  -1.2938   -0.421  -0.6216   3.0724  -0.4706  -1.2176
 6 A  -0.6151  -1.3043  -1.5993  -1.7202  -0.6862  -1.0709  -1.4464  -1.7932   -1.433   1.5596   1.0649  -1.2173   1.5504   -0.161  -1.4666   -1.103  -0.4429  -1.1155  -0.6754   1.1763
 7 A   0.7076  -0.7055  -0.5637   -0.848   -0.923   1.0288  -0.4203   1.7287  -0.8223  -0.4324  -0.8656  -0.4505  -0.6092  -1.2816  -0.9702  -0.1552  -0.4623  -1.3468  -1.1056   0.3476
 8 A  -0.3635  -1.0322  -0.5567  -1.0351  -1.2188  -0.7522  -0.9921   1.6721  -0.0652  -1.0423  -1.0472  -0.8381  -0.8308    0.324  -1.1244  -0.2563   0.6822   0.0505   2.2727  -0.8881
 9 A   0.5563   -1.155  -1.1408  -1.0544  -0.9746  -0.8622  -0.8059  -0.9454  -1.1722    0.361  -0.6704   -0.706   -0.664  -1.2802    3.067  -0.3488  -0.4738  -1.8779  -1.1699  -0.2198
