            A        R        N        D        C        Q        E        G        H        I        L        K        M        F        P        S        T        W        Y        V
 1 A  -0.3664  -1.4216  -1.5569  -1.6337  -0.5267  -1.2188  -1.4259  -1.7366  -1.6415   1.7156   0.5622  -1.2514   0.4235   -0.263  -1.3505   -1.006   -0.222   -1.218   -0.664   1.6446
 2 A   0.1353   0.0988   0.0972  -0.1985  -0.9554   1.9495   0.4955  -0.4898  -0.1261  -1.3035  -1.1822   0.2963  -0.4905  -1.4294  -0.5806    1.347   0.2439  -1.2565  -0.7769  -0.9479
 3 A  -0.4281   0.5638  -0.1629   0.2577  -1.6724   0.7666   1.8139  -0.9489  -0.1899  -1.4809   -1.336   1.6588  -0.8446  -1.5787  -0.5752  -0.0973  -0.4436  -1.3095  -0.9454  -1.2161
 4 A  -0.2101  -0.9476  -0.6329  -1.0339  -0.9229  -0.5614  -1.0366   1.8866  -0.8415  -0.2176   0.1565  -0.7614   1.8974  -0.5742  -1.1847  -0.4119  -0.5738  -0.9848  -0.9034  -0.3517
 5 A  -0.4619   1.8458  -0.7364  -1.2197   3.3262  -0.1948  -0.6833  -1.2068  -0.7563  -1.0286   -0.857   0.2479  -0.6815  -1.3467  -1.1561   -0.447  -0.5411  -1.4216   -1.141  -0.7606
 6 A  -0.6043  -1.0909  -1.3994  -1.5431   -0.659  -0.7445  -1.2662  -1.6322  -1.0909   1.4965   0.8526  -0.9869   2.0918  -0.0533  -1.3691  -0.9284  -0.3791   -0.932  -0.5464   0.8536
 7 A   1.3634  -0.9768  -0.5047   -0.797  -0.6545  -0.6403  -0.7369   2.0109  -0.9063  -1.1595  -1.2034  -0.5975  -0.9229  -1.3428  -0.7111   0.2292  -0.3863   -1.296  -1.2058  -0.6777
 8 A   0.0032  -0.8611  -0.1541  -0.6297  -0.8345  -0.5769  -0.7611   1.9256  -0.9582  -0.9421  -1.1126  -0.5809  -0.8095  -1.2648  -0.7748   0.3085   1.5094  -1.2308  -1.1906   -0.644
 9 A  -0.4102  -1.0397  -0.9782  -0.8293  -1.3079  -0.7445  -0.6055  -1.0601  -1.0397  -1.4267    -1.48  -0.5185  -1.3079  -1.8939   3.6902  -0.4053  -0.5231  -2.3505  -1.3393  -1.2642
