            A        R        N        D        C        Q        E        G        H        I        L        K        M        F        P        S        T        W        Y        V
 1 A  -0.6248   0.1694   0.0869   -0.369  -1.6368   1.9762   0.5047   -0.927   2.9306  -1.4896  -1.2435   0.2115  -0.5065  -1.0849  -0.9012  -0.2482  -0.6157  -0.9741    0.255  -1.3554
 2 A   0.3181  -0.7517   0.0218  -0.4154  -0.8497  -0.4128  -0.4981   1.9821  -0.6978  -1.5131  -1.5245  -0.4304  -1.0228  -1.3698  -0.7111   1.3244   0.1025   -1.323  -1.2058  -1.1696
 3 A  -0.7207  -1.3367  -1.6674  -1.7434  -0.6545  -1.2334  -1.5393  -1.8491  -1.4887   1.5507   1.4801  -1.2748   0.7605   0.0447   -1.461  -1.2379  -0.5072  -1.0286  -0.6057   0.8738
 4 A   0.0032  -0.8611  -0.1541  -0.6297  -0.8345  -0.5769  -0.7611   1.9256  -0.9582  -0.9421  -1.1126  -0.5809  -0.8095  -1.2648  -0.7748   0.3085   1.5094  -1.2308  -1.1906   -0.644
 5 A  -0.4051   1.0138  -0.1454  -0.4084  -1.5681   0.6254   0.3622  -0.8051  -0.3575  -1.3294   -1.225   2.3331  -0.7182   -1.629  -0.5274    -0.12  -0.3899  -1.3505  -0.9159  -1.1828
 6 A  -0.7934  -1.1291  -1.2536  -1.2536  -1.5105  -0.9501  -0.9033  -1.1827  -0.9165  -1.3061   -1.179  -0.8866     -1.0  -0.3835   2.7114   -0.804  -0.8208   4.2794   0.3131  -1.2806
 7 A    1.232  -0.9398  -1.2057  -1.2948  -0.4321  -0.7306  -0.8598  -0.5999  -1.0909   0.1932   1.1715  -0.7614   0.3958  -0.3295  -0.8578  -0.0893  -0.3207  -1.0852  -0.7139   0.1479
 8 A  -0.2676  -1.3856  -0.7709  -1.0998  -0.9175   -1.107  -1.3472   1.8671    -1.25   1.1596  -0.0417  -1.0461  -0.1426  -0.6667  -1.2436  -0.6078  -0.5821  -1.2308  -1.0559   0.4327
 9 A  -0.8017   1.9533   0.0063  -0.6708  -1.7276   0.3203  -0.0596  -1.0862   2.9087  -1.5862  -1.2536   0.4885  -0.7276  -1.0012  -1.0472  -0.4252  -0.7561  -0.9848   0.1945  -1.4662
