            A        R        N        D        C        Q        E        G        H        I        L        K        M        F        P        S        T        W        Y        V
 1 A  -0.4645  -1.1663  -0.3477   1.3389    1.642  -0.8203  -0.4796   0.4649  -1.0105   0.1024  -0.7459  -0.8887  -0.6842     0.67  -1.1293   0.4281   0.5283  -1.2227  -0.6184  -0.4889
 2 A   0.7906   1.2752  -0.9287  -1.1391  -1.0307  -0.3363  -0.6484  -0.9432  -0.8212  -0.6863  -0.4137  -0.1276    1.593  -1.0983   1.9741  -0.3104  -0.5288  -1.4432  -1.0211  -0.5767
 3 A  -0.4669   1.5099  -0.1616   0.7216  -1.5586   1.0466   0.0743    0.503  -0.4903  -1.6377  -1.4754   1.2977  -0.9625  -1.6938   -0.916   0.4609  -0.4627  -1.4903  -1.1722  -1.3936
 4 A   -0.704    1.021   0.9375   0.7903  -1.5945   0.1257   0.0169  -0.9232   1.4423  -1.4487  -1.4137   1.5644  -0.9564  -1.5052  -0.8932  -0.1711   0.4873  -1.4599  -0.7687  -1.2777
 5 A  -0.6207  -1.1399   -1.263  -1.5785  -0.9248  -0.9718  -1.2126  -1.5783  -0.5568   0.2609    1.393  -1.1175   0.3123   0.3252  -1.4062   0.0876   -0.535  -0.3181   1.8374   0.4807
 6 A  -0.8435  -1.1897    0.538  -1.1658  -1.0489  -1.1267  -1.2331  -1.4206  -0.9306   0.0929   0.8259  -1.1828   0.0613   2.0439  -1.5144  -0.6995   0.4339  -0.5532   0.3231   0.3765
 7 A  -0.1903  -0.8309   1.4705  -0.4153    1.668  -0.5691  -0.6762   0.5869  -0.7096  -0.6844  -1.0519  -0.6313  -0.8017  -1.3032  -0.9898   1.0506   0.7179  -1.5568  -1.1913   0.0701
 8 A  -0.5918  -1.0346  -0.2496    1.845  -1.3883   -0.624  -0.1129  -1.0062  -0.9341  -1.0981  -0.2676  -0.6474  -0.8775  -1.4307   2.4997   0.3715  -0.4943   -1.926  -1.3804  -1.1309
 9 A  -0.8939   1.3152  -1.0825  -1.4032  -1.1948  -0.4958   -0.866   -1.629  -0.9587   0.9407   0.8409   0.5516    0.102   0.8544  -1.3998  -0.9628  -0.7255  -0.9898  -0.3644   0.0633
