            A        R        N        D        C        Q        E        G        H        I        L        K        M        F        P        S        T        W        Y        V
 1 A    0.346   0.6832   0.7302  -0.7079  -1.2167  -0.3926  -0.6054   1.2279  -0.7768  -0.8469  -1.1613   0.5445  -0.9212  -1.4815   1.1416  -0.2664  -0.5445  -1.5748  -1.2465  -0.0388
 2 A  -0.4365  -0.3761   2.2849   0.0143  -1.2494   0.9133  -0.1844  -0.5446  -0.1759  -1.1664  -0.9928  -0.2297   0.8016  -1.2785  -0.9842    1.069  -0.0703  -1.4869  -1.0342  -1.0592
 3 A   0.1685  -0.5852  -0.2843   0.6331   1.6053   0.8497  -0.1649  -0.9972   2.7568  -1.3159  -1.2387   -0.518  -0.8295  -0.5449  -1.1099  -0.4109  -0.7782  -0.7623   1.2439  -1.1467
 4 A   0.1517   -1.116    0.507  -1.1593  -0.9022  -0.8765   -1.158  -1.2306  -0.9458    1.031   0.6834   -1.013   1.7717    0.911  -1.3838  -0.6705  -0.5481  -0.9423  -0.3205   0.2381
 5 A   -0.315   0.5277  -0.7579  -1.1495  -0.8717  -0.5942  -0.8963   0.4016   -1.077    0.112   0.3549  -0.5274   1.0549  -0.7635  -1.1625   0.3762    0.601  -1.2925  -0.9497   0.8191
 6 A  -0.0786  -0.1453  -0.1012   0.7551  -1.0398  -0.1171  -0.0897   -0.686  -0.6898   -0.992   -0.179   1.0857  -0.5783  -1.2185  -0.7561   1.6426    0.034  -1.4972  -1.0795  -0.9125
 7 A  -0.6774   -1.217  -0.5266    1.784  -1.0191  -0.8536  -0.3571  -1.3957  -1.2327   0.3525    0.738  -1.0065  -0.0391  -0.7146  -1.2935  -0.7745  -0.5341   -1.504  -1.0598   1.1642
 8 A  -0.8256   0.4428  -1.2084  -1.4919  -1.2079  -0.9745  -1.2112   0.3052  -1.0591   -0.197   1.0626  -0.7751   0.0424   1.5606   1.0483  -0.9803  -0.8853   -0.783  -0.0312  -0.4573
 9 A   0.3328  -0.8434   1.4556   0.8076  -1.1269   -0.535  -0.3786  -0.6887  -0.6635  -0.7987  -1.1927  -0.5556  -0.9613  -1.4684   1.9826   0.5426  -0.2619   -1.802  -1.2348  -0.0128
