            A        R        N        D        C        Q        E        G        H        I        L        K        M        F        P        S        T        W        Y        V
 1 A  -0.3895  -0.8326   1.4344  -0.4658   -0.965  -0.5879  -0.6809  -0.8867  -0.7633   0.3358  -0.6648   -0.622  -0.5456  -1.1208   1.1513   0.5974   1.2143  -1.5675  -1.0743   0.3601
 2 A   -0.435  -0.3789  -0.4921  -0.8396   -1.189   0.8388  -0.3366  -1.0467    1.378   0.6729  -0.5869    0.471    -0.41  -0.7692  -1.0942   0.8606   -0.315   2.5056  -0.2845  -0.2534
 3 A  -1.0942   1.7074  -1.0464  -1.4658  -1.4753  -0.6262  -0.9747  -1.6112  -0.6967   0.2441  -0.2406  -0.2009  -0.3023   2.3623  -1.6252  -0.9973  -0.9184  -0.3833   0.5524  -0.4431
 4 A  -0.5446  -1.2156  -1.0298    -1.35  -1.0307  -0.9216  -1.1944   0.3431   -0.492   1.2443   0.0077  -1.0408   1.0543   0.1618  -1.3452   0.1696   -0.507  -0.3612   1.8191   0.2324
 5 A  -0.3557   0.5566  -0.3676   0.6337  -1.1159  -0.5263  -0.4557  -0.9452  -0.7246  -0.7181   0.0644  -0.4375  -0.4041   1.4894  -1.0968   1.2676  -0.2158  -0.8451  -0.0546  -0.7819
 6 A  -0.4769   1.2628   0.6498  -0.9564  -0.9356  -0.4685   -0.781  -1.3047  -0.9272   0.3323  -0.3451  -0.2523   -0.276  -0.9669  -1.2208    -0.44   0.5965    -1.43  -0.9535   1.4314
 7 A  -0.6801   0.4755  -1.2421   -1.368   1.6406  -0.7592  -1.0032  -1.4636  -1.1561  -0.3799   0.6814  -0.5913   1.0204  -0.8733   2.4774   -0.785   -0.696  -1.5712   -1.091  -0.5156
 8 A    1.157  -1.0776  -0.3923   1.8161  -0.9296  -0.6618  -0.1837   -0.696  -0.9898   0.2218   0.0667  -0.7396  -0.4509  -1.0404  -0.9415  -0.1736  -0.4991  -1.5568  -1.1778  -0.2698
 9 A   -0.864   0.6167  -1.2289  -1.4902  -1.0793  -0.6355  -1.0014  -1.6611  -1.0465   1.0313   0.9691   0.3859   1.2164   0.9107  -1.4355  -1.0096  -0.6986  -0.9376  -0.3224   0.1853
