            A        R        N        D        C        Q        E        G        H        I        L        K        M        F        P        S        T        W        Y        V
 1 A  -1.2916  -0.6833   0.3462  -1.8392   1.6141   -1.521  -1.7179  -1.0516   -1.681   0.6496   0.9966   0.0527   0.1968   1.4528  -2.0305   0.3484  -1.1844  -1.6054  -0.9076  -0.0818
 2 A   0.2608  -1.3317  -1.3489  -0.7031  -1.6715   1.4592  -1.0881  -1.7166   0.6135   0.0824   0.3692  -0.5737  -0.8988   0.4078   1.3306   0.4875   0.6152  -1.8808  -1.1754  -0.2259
 3 A  -0.3348  -1.4451   1.5853   0.4086  -1.7876   -1.084   0.5551  -1.6421  -1.2676   0.8702  -1.0693  -0.6238   0.9809   0.4342    -0.45   0.4793   -0.401  -1.8032  -0.2104   0.1031
 4 A  -0.8937  -1.6129  -1.5431   0.7654  -0.0606  -1.5863  -1.4461  -1.9844  -1.6036  -0.9912    0.942   0.0138  -0.7718   2.2473  -2.1079   0.0529  -0.6312   2.5259  -0.3459  -1.2028
 5 A  -1.0218   0.8756  -1.1951  -0.7035  -1.7263  -1.0887  -1.2398  -0.9246   1.0976  -0.9392   -0.516   0.2402  -1.0725   1.0057  -0.4388   1.3185   0.0598  -1.6373  -0.0319   0.8903
 6 A   0.2566  -0.1121  -0.4475   0.5747  -1.8259   0.6621  -0.5062   0.9494  -1.4026  -0.2505  -1.4424  -0.5995  -1.2887   -0.496  -1.8469  -0.1308  -1.2073   2.4986   0.4175   0.7388
 7 A   0.4511  -0.0345   1.2983   1.3675  -1.9007  -0.7378   1.5323  -0.7451  -1.1899  -1.6722   0.0007  -0.9299  -1.3446  -1.9065   -1.582   0.5671   0.0185  -2.1612  -1.8128   -1.554
 8 A   -0.003  -0.1234  -1.5676  -0.7842  -1.6008  -1.2702   -0.201  -0.4698  -1.4737   0.5003   0.4679  -0.2168   0.1231  -0.2765   -1.827  -0.5555   0.8244  -1.4966   1.1495   0.8876
 9 A  -0.0131  -0.5591   0.7073  -1.5241  -1.6903  -0.2917  -0.6226  -1.7484  -1.5377  -0.8659   1.1192   0.1624   0.1299    0.045   1.5552   0.4307  -1.0929  -1.9582  -1.3913   0.0107
