            A        R        N        D        C        Q        E        G        H        I        L        K        M        F        P        S        T        W        Y        V
 1 A  -0.0218  -1.3662  -1.1465   -1.471  -1.7504    1.462  -0.5594  -0.9611   1.1992   0.5793  -0.7779  -0.6566  -0.2372  -1.8865  -1.6973   2.1887   0.5286  -2.2005  -1.5981  -0.7701
 2 A   0.7136   0.5368   -1.277   0.6278  -2.0501   2.1686   0.2953   -1.755  -1.3257  -1.6609  -0.2799   0.9506   1.5853   -1.909  -1.7682   0.0668  -1.2949  -2.0967  -0.5717   -1.572
 3 A   1.4639  -0.3328  -0.8349  -1.6258  -1.6902  -1.1214   1.0644  -1.7523  -1.5119  -0.0339  -0.9408  -1.3358   2.7936  -1.3876  -1.8512  -0.2349  -1.2427  -1.8305   0.5484   0.1483
 4 A  -0.6776   2.4987   0.8272   0.6071  -0.4283  -0.8813  -1.1077  -1.9222   1.2312  -0.4775  -1.9241   0.5206  -0.4232  -2.0213  -0.7222  -0.7403  -1.4905   2.1864  -1.4665  -1.8612
 5 A   0.4121  -1.5841  -1.9543  -2.1651   0.5134   0.0351  -1.6791  -2.0879  -1.8075   -0.086   0.3755   0.1676   2.7209  -1.3212   0.4048  -1.3329   0.3773  -1.9217   0.1133   0.8159
 6 A   2.2268  -1.8234  -1.7931  -1.0212  -1.4872  -0.0027  -1.5333   -1.441  -1.6666    0.675   -1.312  -1.5509   -1.232  -0.1429  -1.7148   0.1712  -0.1492  -1.8012   0.9028   0.3838
 7 A   0.8861  -0.6913  -1.3771  -1.7563  -1.7873  -1.2692  -1.4308   0.0835   1.1882  -0.9533  -1.7271   0.6553  -1.4891  -1.6139  -0.6096   0.1721   1.8319   1.8156   0.6007  -0.0116
 8 A   0.4105    0.819  -0.7371  -0.2651  -2.0223   0.1689   1.1055  -1.1566  -1.6078  -0.8427  -0.5752  -0.5924   -1.444  -1.9936   2.1941  -0.7018  -1.3556   -2.322  -0.6324   0.6575
 9 A   0.6119  -1.9336  -1.7829  -0.4902  -1.6032  -1.7044   -1.767  -0.6485   -2.003  -0.0765   1.5821  -1.7733  -0.6807  -1.3055  -0.7101   1.0878  -0.5776  -2.0531  -0.5481   0.6795
