            A        R        N        D        C        Q        E        G        H        I        L        K        M        F        P        S        T        W        Y        V
 1 A   0.6335   0.0711  -0.8356  -1.9593  -1.6819  -1.3716  -0.3876  -1.9379  -1.6741   0.6854  -0.4598  -1.4696   2.6812   0.0061  -2.0318   0.0126  -0.5958   2.2975    -0.25   0.4596
 2 A   0.2592   2.7159  -1.2873  -1.6078    1.376   0.7498  -0.0499  -1.8596  -1.3077  -2.1027  -1.3619   1.2914  -1.5406  -2.3101  -1.7787  -1.0887  -0.2236  -2.1996  -1.8624  -1.8207
 3 A   0.2642   0.1077  -1.7263  -2.0589  -1.7053   -1.332  -1.6744  -2.0281   0.9009   0.2986   0.1699  -0.7905   2.9632    0.361   0.0255  -1.2156   1.0343  -1.7253   -0.252  -0.8538
 4 A   2.0962  -1.1167  -1.3196   -0.248  -0.1212   1.5396  -0.9368  -1.2671    0.493  -1.1385  -1.8095   0.7907  -1.4735  -0.8933  -1.5246   0.6975  -1.0667  -2.0562  -0.4343  -1.3952
 5 A   1.3001  -1.6846  -1.4394  -0.8592   0.6209   0.0867  -1.4363  -0.4471  -1.8137   -0.717   -1.067  -1.4275  -1.3123  -1.8408   0.8889  -0.2686   2.1629  -2.1378  -0.5468   0.3474
 6 A  -0.6579    -1.57  -1.3768  -1.3601  -1.9034  -0.3034   1.0145   -1.831   1.2669  -0.4485  -1.6541  -1.2704  -0.3042  -1.9052   2.4981   1.3075  -0.4921  -2.2592  -0.4536   0.5736
 7 A   0.2555   -0.349    0.148  -1.0416  -1.6386  -1.6564  -1.8526  -1.2195  -1.8478   0.4774   1.6807  -0.9403  -0.5211   -1.085  -2.0967  -1.4754  -0.2055  -1.8539   0.1854   0.7913
 8 A   1.6921  -0.7705  -1.8391  -1.8515  -1.5709  -1.3537   0.0404   -0.936  -1.8268  -0.9678   1.2955  -0.0087  -0.8124  -0.1022   0.0771  -0.1836  -1.2476  -2.0141  -1.5306  -0.3063
 9 A  -0.5312   0.7106  -0.0498   0.0993  -2.0369   0.5979   -0.614   0.0881   1.8038  -1.3413  -0.4531  -0.5995   2.7623  -0.0873  -2.0043  -0.7068  -0.7179   0.5334  -0.2354  -1.4256
