            A        R        N        D        C        Q        E        G        H        I        L        K        M        F        P        S        T        W        Y        V
 1 A  -1.0983  -1.6853  -1.7459   -1.996  -1.4931   0.3012  -1.6004   -0.304  -1.4889   0.7885   0.4089  -1.5954  -0.5165   1.1189  -2.0021  -0.1738  -1.0591   2.4155    0.801   1.3578
 2 A  -0.9446   0.8811   0.3867  -1.1361  -1.6849   1.2541  -0.2228   0.2559   1.3652   0.3703  -0.7599  -0.6878   0.1036  -1.6015  -1.5349   0.7179   1.0575  -1.8319  -1.2612  -0.9864
 3 A   1.6678   1.1405  -0.2423  -1.2755    -1.36  -0.7265  -0.2766  -1.1029  -1.2643  -1.3744  -0.2013   0.5438  -1.0651  -1.7284  -0.0803   0.8127   0.2646  -1.9378  -1.5498  -1.0991
 4 A   0.6146  -0.4793  -1.5715  -1.3115    1.504  -0.0311   1.1715  -1.6498  -1.3561  -0.5569   -0.009  -1.0942   1.1718   0.2751   0.9452  -1.0188  -1.1798   2.7792  -0.8653  -1.0439
 5 A   0.8643  -0.1586  -0.0302   1.1408  -1.6583   1.2794   0.0118   -1.262   1.7195  -1.3786  -1.6252   0.5057  -1.2556  -1.8478  -1.3833   0.5086  -0.2334   -1.951  -1.2319   0.0129
 6 A   1.6668  -1.3604   0.2803   0.5167  -1.2524  -1.1008  -1.0307    -1.12  -1.3578   0.2771  -0.3275  -0.4725  -0.9275  -1.3701  -1.3822   0.7804  -0.1394  -1.8025  -0.1587   0.3002
 7 A   0.2094  -1.6271  -0.4647  -1.5524  -1.4032   -1.296  -0.0553  -1.6876  -1.5046   1.4403   0.1897  -1.4248  -0.5848  -0.1183  -1.7543   0.8123  -0.8565   2.3916   0.0811   0.6965
 8 A   0.1523   1.2608   -1.017  -1.2477  -1.9309   -0.461   0.2576  -0.6876   1.3991  -0.8578  -1.5937   1.7776  -1.2876  -1.3295   0.5316  -0.8558  -0.3906  -1.4722   1.0466  -0.7933
 9 A   1.5309  -0.6014  -1.4869   0.4102  -1.2996  -1.3492  -1.2862  -0.5884  -1.5065  -0.1364   0.0921  -1.3528   0.2313   1.0212  -1.6094  -0.8391  -0.9957  -1.4569   0.1037   0.8961
