            A        R        N        D        C        Q        E        G        H        I        L        K        M        F        P        S        T        W        Y        V
 1 A   -1.277  -1.6559  -1.7873   -2.101   1.0271   0.4457  -1.6493  -2.2233   1.1904   0.6175   0.7357  -0.4648   1.4903  -1.3086  -2.0828   0.4128  -0.5938  -1.9823  -0.3979   1.3866
 2 A   0.3949   0.2448  -1.0847   0.2197  -1.8335    0.657   1.0595  -1.5553  -1.4163  -1.6286  -1.7393   0.6193   0.7492  -2.1118  -1.6027   1.9592  -0.3795  -2.2539  -1.8462  -0.0616
 3 A   1.5812   0.9719  -0.0781  -0.7689  -0.2356   2.0826  -0.8737  -1.5028  -0.1277  -1.7838  -1.3153   0.8375  -1.4436  -1.9557  -1.6682  -0.0986  -1.2098  -2.0233   0.1256  -0.6211
 4 A  -1.5152  -1.5409  -0.1767  -0.8746  -1.9425  -1.2535   0.0157  -1.2522   1.5038   1.1028  -0.8728  -0.0595   2.6379   -1.352   0.4351   -1.347   0.8117   1.8558  -0.3122  -0.8842
 5 A    1.572   1.8466  -1.5142  -0.9212   -1.819   0.5898  -1.1921  -1.6386  -1.4181    0.439  -1.5201   0.6635  -1.3424  -1.6938  -1.7489  -0.5219  -0.6307  -1.9188   0.5622  -0.3985
 6 A   1.5856  -1.7159  -0.8454  -2.0226  -1.5201  -1.4488  -1.6673  -1.6769   0.3639  -0.7799   0.2163  -0.9064   2.5434  -0.1179  -0.6302  -0.1969  -0.1525  -1.9639  -1.4038   0.6939
 7 A   1.4246  -0.6569  -1.4635  -0.7375  -0.2209   0.2069   0.8298  -1.5938   1.2284  -1.5033  -1.7611    0.316  -1.5146  -0.8905   0.8333   0.3671  -1.2175   1.8389  -1.3691   0.3677
 8 A   0.9314   0.1135  -1.4158  -0.3577  -0.1359  -1.3109  -1.4258  -1.7025  -1.8483  -0.6153   0.3297   0.0152  -0.1226  -1.7419  -1.7087     0.63   1.8841  -2.1791   -1.801   0.3372
 9 A   1.3443   -1.532  -1.3857   0.0955  -1.8391  -1.2574  -0.2142  -0.1105   0.8784  -1.9021  -0.6868    0.006  -1.6272  -1.9108   2.2485   0.7659  -0.5942  -2.1806   0.1133  -1.6661
