            A        R        N        D        C        Q        E        G        H        I        L        K        M        F        P        S        T        W        Y        V
 1 A  -0.2776  -0.4905  -0.2028  -1.3785  -1.3208  -0.5432  -1.1061  -1.3786  -0.0832  -0.3557   0.1994  -0.6518  -0.4138   1.7582  -1.5757   0.2794  -0.3858    2.704   1.1655  -0.0316
 2 A  -0.3434     0.02   -0.392  -1.1175  -1.1991   0.7016  -0.3208  -1.4116  -1.0388   0.5241     0.31   0.8662   0.4989  -0.1145  -0.2676  -0.3156   0.4162  -1.4082   -0.879   0.5432
 3 A  -0.3379  -0.4256  -1.1695  -1.3257  -1.3342   0.1578  -0.4404  -0.8328  -0.3014  -0.1872    0.222  -0.5811   0.8706   0.8879   1.3599  -0.0535  -0.7724    1.651    1.212  -0.1806
 4 A   0.5792   0.2882   0.3032  -0.9522  -1.0422   -0.303  -0.7554  -0.2092  -0.4014   0.2884  -0.0162   0.0356  -0.4952  -0.5575  -1.1259   1.1234   0.0087  -1.5052  -1.0098   0.1896
 5 A   0.1393  -1.0622   0.5542  -0.5143  -0.0068  -0.3615  -0.2556   0.4857   0.3267  -0.3795   0.3624  -0.8861   0.6056   0.4701  -0.5516   0.5892   -0.203  -1.2995  -0.6859  -0.2588
 6 A     1.03   -0.674  -0.5088  -1.0932  -1.0166  -0.7551  -0.3804  -0.9907  -1.1943  -0.0981  -0.2494  -0.3126   0.2387  -1.2755   2.1111   0.3254  -0.0358  -1.7507  -1.2343   0.2558
 7 A  -0.2537   1.0922   0.2302  -0.4236  -1.3318   0.5055  -0.3195  -0.2541  -0.1562  -0.3268  -0.6998   0.6581  -0.3955  -0.8709  -0.0147   0.4758   0.9181  -0.0906  -1.0287  -0.4441
 8 A   0.6432  -0.8177  -0.3789  -0.9024  -1.2031  -0.3187   0.0332  -0.0362  -0.3904  -0.3291  -0.6477   0.2313  -0.1241  -1.4643    2.235   0.3809   0.1551  -1.7845  -1.2626  -0.5791
 9 A  -0.4373  -0.7062   0.7045  -1.1456  -1.0989  -0.3079  -0.7818  -0.6768  -1.1385   0.6709    1.011  -0.7671   0.7608   0.1377  -0.8499  -0.2812  -0.0357  -1.3416  -0.8298   0.5888
