            A        R        N        D        C        Q        E        G        H        I        L        K        M        F        P        S        T        W        Y        V
 1 A  -1.1772  -0.7881  -0.2712  -1.6027  -1.5649  -0.6298  -1.3044  -1.6568   0.2497  -0.6331   0.2613  -1.2729   0.0744   2.0501   -1.855  -0.4008  -1.0493   3.0498    2.075  -0.6381
 2 A   -0.457   0.0382    0.096  -0.7551  -0.2949   0.5126  -0.1586  -0.9214  -0.1041   0.3918   0.3277    0.392   0.7369  -0.1578  -1.3632  -0.3294  -0.0427  -1.3516  -0.3847   0.7064
 3 A   0.2423  -0.3274  -0.5842  -1.2803  -1.2833   0.2261  -0.4832  -1.0104  -0.3861  -0.2483    0.304  -0.4347   0.8402   1.3045   1.2229  -0.2979  -0.3831  -0.9106   0.7134  -0.4257
 4 A   0.9347   0.4277   0.3132  -0.9219  -1.0643  -0.1376  -0.7186   0.2449  -0.2046  -0.1759  -0.6609  -0.1388  -0.0804  -0.8309  -0.5631   1.0788   0.3322  -1.5601  -1.0974  -0.2284
 5 A  -0.2462   -0.431   0.7376  -0.4007  -0.0554   0.2965  -0.1764   0.1902   0.7468  -0.9969  -0.0675  -0.1681  -0.7068   0.4124   0.0343   0.7966   0.3201   0.0133   -0.298  -0.8091
 6 A   0.8566  -0.7652  -1.1145  -1.2336  -0.2459  -0.8968  -0.6999  -0.2924  -1.3255  -0.0744  -0.1105  -0.5886   0.0076  -1.2735   2.1312   0.3231   0.1483   -1.775  -1.2828   0.3519
 7 A  -0.2942   0.4415   0.4417  -0.6446  -1.2825  -0.0785  -0.4415    0.027  -0.0656   0.0046   0.2427   0.3657  -0.0604  -0.7809   0.3788   0.1901   0.6288  -1.5489  -1.0781  -0.1609
 8 A    0.712  -0.7328  -0.4153  -0.5396  -1.1975   0.1747   0.3317  -0.2545  -0.3759   0.0544  -0.1507   0.4113   0.2135  -0.6062   0.9185    0.119   0.0724  -1.4598  -0.3567  -0.2473
 9 A  -0.3143   -0.547   0.8236  -1.1253  -1.1774  -0.9214  -0.7339  -0.7014   0.1169    0.328   0.9204  -0.7803   0.5136   0.4103  -0.3722  -0.3511  -0.0331   0.2125  -0.6612   0.4651
