            A        R        N        D        C        Q        E        G        H        I        L        K        M        F        P        S        T        W        Y        V
 1 A  -0.2397   0.3085  -0.3297  -0.7966   0.2233   0.1964  -0.3161  -0.5628  -0.0948  -0.4848  -0.3388   0.3446   0.7778   0.7766   0.3057  -0.1254  -0.7671  -0.7471   1.4784  -0.0848
 2 A   -0.707  -0.1844   -0.805  -1.7088  -1.4699  -1.2362  -1.3993   -0.841  -0.3269  -0.1655   0.2921  -0.8273  -0.3894   2.1019  -1.8385  -0.8852  -0.6973     2.97   1.3872  -0.1334
 3 A   0.0679    -0.03  -0.4584  -1.2805   0.1279  -0.1309  -0.2549  -1.1021  -0.4823   0.7375   0.7102  -0.1809   1.0123  -0.3126   -0.682  -0.4812  -0.0477  -1.3751  -0.5741   0.5116
 4 A   0.8941  -0.9714  -0.0806  -1.1074  -1.1479  -0.0778  -0.6142   0.5207  -1.0339   -0.475  -0.1804  -0.1355    -0.13  -0.4731     1.08   0.1833  -0.2152   1.3456  -0.1052  -0.0407
 5 A   0.7512  -0.2389  -0.1916  -0.9672  -1.0073   0.0693  -0.7077  -0.0613  -1.0487   -0.325  -0.2332  -0.0014   0.0737  -0.8157  -0.0506   1.1663   0.9908  -1.5535  -1.1308  -0.1843
 6 A  -0.3098  -0.1773   0.6262  -0.8498   0.4423   0.6779  -0.2565  -0.2587   0.5247  -0.6038  -1.0438   0.0612  -0.9838  -0.4265   2.0704    0.042   0.0942   0.2753   -0.249  -0.8129
 7 A   0.9346  -1.0823  -0.2549  -1.0659  -0.9852  -0.8043  -0.5474   0.1789   -1.188   0.1881   0.0595  -0.5168   0.3558  -1.1414    0.895   0.9568   -0.098  -1.6343  -1.2209   0.1856
 8 A  -0.7729  -0.5487   0.6731  -0.4844  -1.1748  -0.1007  -0.3516  -0.9846  -0.0001    0.564   0.9631  -0.5141   0.3994  -0.8023  -0.4455   0.0093   0.0603  -1.5086  -1.0192   0.5751
 9 A    0.427  -0.1815   0.2994  -0.4515  -1.2229  -0.0842  -0.1363  -0.2841   -0.873   0.2289  -0.4961   0.7019   0.8897   -0.191  -0.3846   0.2435   0.4112  -1.3086  -0.0107  -0.3081
