            A        R        N        D        C        Q        E        G        H        I        L        K        M        F        P        S        T        W        Y        V
 1 A  -1.2119  -1.2988  -0.9405  -1.7545  -1.4816    -1.28  -1.4255  -1.7883   0.2971  -0.3753   0.3176  -0.7265    0.752   2.5284  -0.4696  -1.2693   -1.118   1.2765   1.8998  -0.2653
 2 A  -0.6559   1.0187   0.1858  -1.1477  -1.2673   0.2168  -0.3971  -0.8416   0.1229    0.656   0.2641  -0.1706   0.9002  -0.1316  -1.4401  -0.2787  -0.6652  -1.2256   0.0397   0.6247
 3 A   0.4816   0.3206  -0.4837  -0.5725  -1.2055   0.0743  -0.2558  -0.6048  -0.8462  -0.5796  -0.6206   0.2374    0.519  -0.2762   0.5551   0.7546   0.3045   1.9053   0.1851    -0.44
 4 A    1.004   -0.975  -0.2395  -1.0181   0.2546   0.2314  -0.4403  -0.5357  -0.2595  -0.2383   0.0504  -0.7495   0.7503   -0.524    0.421   0.9248   0.2191   -1.492  -0.9797  -0.1025
 5 A  -0.4913   0.0617   0.2952    -1.06   0.2246   0.6919   -0.747  -0.2926  -0.3635   0.3483  -0.1877   0.1135  -0.1825   0.5873  -0.0814  -0.1681   0.6598  -1.2001  -0.0371    0.153
 6 A    0.998  -0.9199  -0.1493  -0.8754  -0.2027  -0.3682  -0.3468   0.1078   -0.019  -0.4487  -0.7162  -0.2874    -0.84  -1.4169   1.4161   1.2237   0.1492   -1.707   -1.193   -0.336
 7 A  -0.2926  -0.1876   0.5765  -0.8971  -1.2868  -0.0075  -0.3951  -0.1326   0.7184   -0.287    0.266    -0.69  -0.5642  -1.0836   1.7867   0.4167   0.0046  -1.5594  -0.4663  -0.2074
 8 A   0.3009   -0.169  -0.5804  -1.2235  -0.1265  -0.3589  -0.4263  -0.4016  -0.0797   0.3544   0.6867  -0.0249  -0.2465  -0.2561   0.1461  -0.2171   0.3568  -1.3623   -0.421   0.2857
 9 A   0.1086  -1.2153   0.6862  -1.1451  -1.0243  -0.9776  -1.1555  -0.6823  -1.1845   0.7398   0.4888  -1.0549   1.0483  -0.3062   0.3138   0.0376    0.238   0.3546  -0.9086    0.702
