            A        R        N        D        C        Q        E        G        H        I        L        K        M        F        P        S        T        W        Y        V
 1 A  -5.0509   0.2209   0.0179   -0.786  -6.3035  -0.1284  -2.0744  -2.2401  -0.2782   0.3156   1.1726   0.5823   0.2708   0.7469  -0.8882   0.2362   -0.719   0.0155   0.2438   0.5251
 2 A  -0.2546   0.1424     0.67   0.2702   0.1191   0.6194   0.6324   0.3908  -0.3387  -3.2695  -1.2263   0.6098  -0.7222   0.0294  -0.9835   1.0839     0.43   0.8353  -0.2052  -5.2058
 3 A  -0.4598  -2.5357   0.0357   0.4365   0.3766   -0.933   0.3678  -1.5995   0.5369     0.31   0.4425   0.0631   0.0961  -0.3013  -0.0411   0.5337  -0.5504   0.6786    0.637  -0.1492
 4 A  -0.3056  -2.3437  -5.5389  -5.7524  -6.1261   0.6631   -1.941  -6.7328  -6.1673   0.8117    1.558  -1.6164   1.3579   1.4492  -4.8424  -2.5951  -0.4036  -5.9262   0.8825   0.8085
 5 A   -0.311  -0.6989   0.8907  -0.1484   0.6126   0.7431  -1.5283  -0.4222   -1.971  -0.1373  -0.2323   0.7971   0.5896  -4.4935  -0.2771   0.7306   0.7362  -0.8252  -1.1629   0.1413
 6 A   0.0803   0.4235   0.1388  -0.1328  -0.5481  -0.0578   0.5461  -0.5951  -0.0666  -0.8098  -1.1383   0.2288   0.2143  -0.6563   0.8752   0.8755   0.1914  -0.4881  -0.2833  -0.0537
 7 A    0.388  -0.5811   0.6183  -0.1924   0.1215   0.3561    -0.89   0.1245  -0.4492  -1.3842   0.9274  -0.9897   0.3961  -1.6006   0.6331   0.8884   0.3047  -0.5669  -6.0912  -1.7087
 8 A    -0.04    0.296  -1.8372  -6.3072  -6.1884  -1.6822  -0.8992  -0.1733  -0.6036   0.2137   0.9594  -0.4988  -0.7934   0.5291   0.2093    0.249   0.5719   -6.209   0.2419   0.5512
 9 A  -0.6315  -0.0524   0.2583   -1.043   0.3343  -0.3384  -0.8428  -2.2217   0.5362  -0.0815   0.7114   0.4515  -4.0466  -0.9608  -0.9161   1.5826   0.6622  -1.3942  -1.5374  -0.2695
