            A        R        N        D        C        Q        E        G        H        I        L        K        M        F        P        S        T        W        Y        V
 1 A  -2.6246  -3.3522   0.1165  -0.2269  -1.5967   0.5826   0.1222  -6.4475  -0.6299   0.0767   1.0843   0.5004  -0.7353   1.1619   -6.438   1.1777   -1.524    0.614   1.1809  -1.3342
 2 A  -5.4029   0.0431   0.5113  -0.3182   0.5236   0.4583  -0.0236  -4.7878  -6.0729   0.6892   0.2576  -0.3132   1.8083   0.8129  -3.5849   0.2448   0.0592   0.1303   -1.989   0.5565
 3 A   0.4175  -0.3252  -6.0487  -2.9025   0.7176  -0.2062  -2.9575  -0.2916  -1.6448  -0.2129   0.5027   0.9719  -5.5281  -0.0137   0.6332   0.8858  -0.4504   0.5411   0.1322   0.2781
 4 A  -0.6853  -0.5381   0.7269    0.495  -6.3453   0.7683   0.3153  -1.0764    0.223   0.0784   0.7055  -3.3462   1.2428  -1.1652  -4.0628  -0.0021  -0.0326  -2.1222   0.9352   0.2092
 5 A   0.5892   0.7166   1.1811  -0.8765  -0.3574  -2.2316  -0.1398   0.2456   0.5573  -1.1164   0.3426   0.7717   0.2059  -4.2545   0.7203  -0.2279  -0.8194  -0.4515  -6.1647   -1.235
 6 A   0.1259  -3.6844  -2.2303  -3.7501   -0.072  -2.2586  -0.6901   0.1155   0.0792  -0.8312    0.631  -0.3019  -2.4025   0.0153   0.4425   1.4055   0.9343  -0.1295   0.0537   0.3374
 7 A  -1.1228  -0.6113  -0.3895   0.0983   0.1857   0.1204  -0.6253  -0.2818   0.3276   0.1051   0.1215   0.6783   0.4442   -0.432  -0.4474   0.0449   0.5921  -0.6783  -0.4238   0.5537
 8 A  -1.1445   -0.061  -0.0139  -0.4837     -1.3   0.4864  -0.9021  -1.0578  -3.5144  -0.1237   0.7382  -0.2155   0.7146   0.8536   0.6214   0.5088   0.4737  -2.6653   0.3142  -0.4959
 9 A  -0.0156  -0.2457   0.5643  -2.0016  -0.3896   0.3864   0.2005  -5.6943  -1.4872   0.4027   0.5462   0.2139  -0.3834  -0.7575  -1.0183    1.221   0.6624  -6.5117  -2.0083   0.0769
