            A        R        N        D        C        Q        E        G        H        I        L        K        M        F        P        S        T        W        Y        V
 1 A   -1.813   0.1144   0.2949   0.0112   0.7404   0.2343   0.0121  -5.7262   0.1378  -3.8861   0.7793   0.3272  -5.5425   0.6276  -0.7263   1.3393  -0.0368  -0.2403   -0.179  -0.0692
 2 A  -1.5037  -0.2685  -0.1645   0.0104   0.5854   0.8335   0.3726  -1.1696   0.5997   -0.444   0.5668   0.5894   0.8463   0.1706  -0.8797  -0.2391  -0.2289   1.2221  -0.5295   -0.586
 3 A   0.5587  -1.0822  -0.7713  -0.4999  -0.7418   -6.116  -2.1742  -1.0517  -6.1554   0.6095   0.8809  -4.0025   1.2742   1.2261   0.0868  -0.5877  -0.5982   0.4008   0.7957   0.3426
 4 A    -1.58  -1.8037    0.777  -2.0604  -0.5715   0.8081   -1.999  -0.3555  -1.2774   0.3305   1.0639   -0.158   0.2671  -0.2375  -6.4543  -0.2676   0.6256  -6.2486   0.4951    0.784
 5 A  -0.6722   0.9116   0.2609   0.1895    0.261   0.3832  -0.0465   0.3358  -0.5449  -0.3407   -2.175    1.617   0.6136   -6.585   0.5377   1.3169  -2.8404  -2.1393  -6.3031  -6.0876
 6 A   0.2815  -2.5715   0.7787  -0.6781  -2.7869  -0.4733   0.1053  -0.3399   0.1607  -1.4579   0.5705  -3.0344   0.6185  -0.8465   0.9055   0.8687   0.3637   0.5122   0.3022  -0.0101
 7 A    0.303  -0.4573  -6.1241  -0.8575   0.6231  -0.4212  -0.7024  -0.4774  -0.6325   0.6592   0.6016   0.2769   0.8329  -0.1925   0.4993   -0.676   0.1755  -1.7317  -5.0254   0.5453
 8 A  -0.4089  -0.0549  -0.1327  -1.3667  -2.6045  -0.1546  -1.2676  -1.3672  -0.0679   0.2219   0.9721  -1.0909  -0.5988   0.1203  -1.4167   0.8935   1.0476  -6.2993  -0.1104   0.4188
 9 A  -0.1338  -0.2216    0.308   0.1315  -1.0486   0.1837   0.0257  -6.2098   0.2953  -1.9151   0.4594   0.5187  -0.5677   0.4694  -0.6683   1.3356   0.5293   0.5125  -0.3304  -1.3152
