            A        R        N        D        C        Q        E        G        H        I        L        K        M        F        P        S        T        W        Y        V
 1 A  -1.5063  -1.3747  -0.0102  -1.2188  -0.3166   0.1229  -2.7768  -4.5451   0.5087   0.5723   0.9215   0.4798   0.2647   1.4249  -4.8303   0.6984  -0.8382   0.6528   0.6947  -0.2704
 2 A  -1.2627  -0.4936   0.5083  -0.1756    0.471   0.6659   0.6663  -0.8063  -0.2421  -0.9021    0.356  -0.8187   0.1905   0.4458  -0.6447   0.7301   0.4702   0.4726  -2.0756   0.0866
 3 A   0.1446   0.1844  -0.0986   0.7515  -0.9963  -0.2898  -0.6945  -0.2415   0.1358  -1.3847   0.7652   1.1085   0.1666  -2.6868  -0.6711   0.4899  -3.7579  -4.3823   0.3321  -0.3479
 4 A  -1.2042  -1.1931  -0.2059  -0.7288  -2.7856   0.8612  -0.4794  -5.9103  -2.1112   1.0905   0.9199  -4.6484   1.3276   0.5038  -1.7941  -0.4872   0.4107   0.4372   0.7678   0.5459
 5 A   0.0257   0.1011   0.9263  -2.4698   0.8026   -0.812  -0.9917  -0.5546  -0.9418  -0.6952    0.106   0.9959  -0.3138  -0.0704  -0.0682   0.7658  -0.1084  -6.4644  -1.0034   0.3486
 6 A   0.2266  -0.5639  -0.5896   0.3627   -6.409   0.5233   0.6283   0.6638  -0.5481  -0.6905  -0.0886   0.7285  -5.8136  -6.2202   0.0552   0.7944   0.3194   0.6151  -0.1646   -1.416
 7 A   0.6257   0.0861   1.0037  -1.8062   0.5103  -0.1532  -0.1083  -0.0952  -0.4755  -1.2212  -0.4261  -0.9681   1.1515  -0.0426   1.0028   0.8417     0.49  -2.3833  -6.0108  -1.1846
 8 A   0.0586   -1.187  -1.4027  -1.5859  -2.9863   -0.856  -5.3896  -1.5757   0.3528  -0.1897   1.2283   0.4879  -0.0323   1.0182   0.3268  -0.2423   0.2748  -6.1354   0.5115   0.2478
 9 A  -2.7744  -0.1114  -1.4741  -0.7462   0.1688   -0.924  -0.2821  -2.1749  -0.0988    0.606    0.797  -0.4599   0.8009  -0.5882  -6.3545   1.4496   0.9941   -0.948  -2.1762   0.4175
