            A        R        N        D        C        Q        E        G        H        I        L        K        M        F        P        S        T        W        Y        V
 1 A   -1.446  -0.5904  -1.4017   0.3426   -0.408   0.8158    -1.87   -0.716  -1.4868   1.2451   0.0935   1.0319  -1.2381   1.0312   -1.376  -0.3908  -1.4387  -0.0464   0.9518  -0.2554
 2 A  -0.2375   0.3059   0.9704   -1.485  -3.0891   1.4782   0.1539  -0.6636  -0.0532   -0.155  -0.5408    -2.31   0.6362   1.6299  -0.9217   0.7214  -0.7867  -2.8388  -0.8865  -0.6173
 3 A   0.1662  -0.5759  -0.0748  -0.0047  -1.5459  -0.1341  -1.8526  -1.8816  -0.0856   0.3708   1.1442   0.9767  -2.0158  -0.2681  -2.9986    1.047  -1.3454  -2.9913   0.1534  -0.8532
 4 A   -1.996     0.31  -2.6015   -0.693  -2.9709  -2.2829   0.3502  -1.0911   0.4051   0.6006    0.355   0.2738   2.0337  -1.3787  -0.9164   0.4711    1.086   1.3647  -1.6146  -0.3865
 5 A  -0.3396   0.8568  -0.0961  -1.2534   -2.892  -1.6103  -1.2028  -0.3898  -2.8851    0.473   1.1209  -0.2016   0.4953  -2.6622   0.4295   0.5553   0.3325  -3.2665  -2.8807   0.0515
 6 A  -0.6266   0.0591    0.338  -1.2502  -0.3834   0.0684  -0.6828   -0.399   -2.667   0.0566   1.0613   0.2619   1.4674  -0.9454  -3.1242   0.1546  -1.8072  -2.9144   0.6544   0.3751
 7 A   1.0701  -0.7453   1.0006   0.0837    -2.93  -2.0439   0.6802   -0.172  -2.5463  -2.8479  -2.5432    1.121  -0.8976  -3.2988  -1.2337   1.7713  -0.1324   -3.419  -3.0327  -0.1771
 8 A   -1.385    0.594  -0.2457  -0.1263  -0.8659  -2.3628   0.6298   0.0673  -1.4735   -1.539    0.715  -2.4203  -0.0132   0.5735  -3.0415  -0.0324   1.6229   -2.801   0.8098  -0.6044
 9 A   0.6574   1.2098  -0.1053  -1.6189  -3.0445   1.1416  -1.4352  -3.0203  -1.4783   0.0849  -0.5539  -0.0283  -2.3161   0.6471   1.7619   -1.838  -1.0835  -3.0074   0.1675   0.4859
