            A        R        N        D        C        Q        E        G        H        I        L        K        M        F        P        S        T        W        Y        V
 1 A   -2.104  -2.9708   0.0157  -1.7571  -2.8769  -2.8377  -3.0404  -2.5575  -2.9411   1.1131   1.2297  -0.8567   1.9863   1.0538  -3.3643   0.5066  -2.4326   2.3399  -0.5105    0.359
 2 A  -0.3702   0.4095   0.0712   0.4518  -2.9392   0.0551  -2.5386  -0.7027  -2.8413    1.305   0.9507   0.2635  -1.1536  -1.8449  -1.9815  -0.9287   0.4263  -3.1618  -0.7042  -0.0036
 3 A  -2.0091   1.2792   0.0749  -2.7871  -3.0817   0.2884  -0.1276  -0.2698  -2.5538  -0.4593  -0.3018   0.7339    1.725   0.6654  -3.1009   0.3631  -2.3937  -2.8574   0.3628   0.7939
 4 A   0.6067  -1.0535  -2.3678   1.2854  -0.3967  -1.5042  -0.2238  -0.8199   0.7838   0.0514    0.227   1.2098  -2.3277    0.012  -2.9109   0.4901  -0.0538  -0.1062  -2.5684  -1.1321
 5 A  -1.1235   0.2947   1.3374  -1.8966  -2.9835  -1.0435   0.0005  -1.0299   0.4367   0.4192   0.1158  -2.3797  -0.3463   -0.492  -0.0838   1.1233   1.1611  -2.9791   0.5107  -0.7228
 6 A  -0.2235   0.5518   1.0606   0.1689  -0.8962   1.0607  -1.3068  -1.8226  -2.5729  -1.7724   -0.347   0.8803  -2.5618   -2.199   2.1679   0.5799  -0.7681  -3.4645  -1.8189  -0.4156
 7 A   0.2525  -0.0701  -0.9926  -0.3043  -2.9272  -0.3733  -0.2799  -0.2485   0.4014   0.5209   1.0046   0.5488  -0.6767  -2.7134  -0.9011   0.3892   0.4344  -0.9567  -2.7714  -0.6777
 8 A  -0.1256  -0.2187   0.4718  -0.3054  -1.5592  -1.5663  -0.6602  -0.3826  -0.4376  -0.3056   0.8599   0.9111   0.9811  -0.4956  -1.3527   0.1656  -2.3942   0.4283  -1.0619   0.4983
 9 A  -0.8276   1.3683  -0.5344  -3.2185  -2.9599   -2.496  -2.8373  -2.5429   0.1955  -0.5181   1.0783  -0.9287   2.0461   0.8075  -3.2585  -0.7692  -0.4066  -0.8062   1.1755   0.4502
