            A        R        N        D        C        Q        E        G        H        I        L        K        M        F        P        S        T        W        Y        V
 1 A  -2.1525   0.3269  -1.9934  -0.3561  -0.8789    0.065  -2.6078  -1.1284  -1.4632   1.2643   0.5285   1.1549   0.0361   0.4009  -3.2276  -1.6323  -1.9165   1.6072    1.533  -0.0179
 2 A   -1.656  -0.5671   1.4665   -0.433  -3.0361   0.7183  -1.8241  -0.1165  -0.3952   0.6508   0.1561   0.5597   1.7329  -0.3053  -3.0329   0.6535  -0.0333  -3.1266  -1.6514  -1.0536
 3 A   0.9639  -1.4503  -1.8948  -2.7837  -0.8041    0.086   0.2533  -2.8817  -1.5589     0.22   0.9041   0.2702  -1.1845  -0.1071  -2.9058   1.0723   0.7374  -0.0866  -1.6143   -0.254
 4 A  -0.2459  -0.8777  -0.7647  -2.8505  -2.9253  -1.6088   0.7046  -1.3339  -2.7053  -0.0538   1.2928  -0.2372   0.3054   1.0486  -1.9808  -0.9103   1.1474   -0.824   0.7041  -0.8146
 5 A    0.183    1.326  -0.9481  -0.1328  -0.8633   0.9496  -1.0932   0.5853  -0.4211  -0.1681  -0.9734  -2.1891  -0.8143   -1.136   0.7084   0.1046   0.8799   0.8109  -1.7021  -0.1213
 6 A   0.6863   0.7107   0.2399  -0.6803  -1.5424  -1.0561  -2.4853  -0.6285  -2.6397  -1.1089   0.7961   0.1877  -0.7358   0.3249   0.9338    1.382   -2.269  -3.0216   -0.063  -2.4761
 7 A  -1.3543  -1.1825   0.5997   0.8277  -2.8946  -2.5013  -0.6489  -2.3868   -0.448   0.5089   0.8742  -0.5651   0.0328  -2.6024   0.2813   0.9853   -1.311  -3.2596  -1.1248   1.1279
 8 A  -2.0486   0.3539   0.3723  -0.2896   0.4823  -1.4678  -0.6278  -0.1372   0.7991  -0.0024  -0.0447   1.3736   2.2842  -0.1207  -3.0644  -0.5164   -0.812  -3.0822  -1.6024  -0.4415
 9 A    0.745   0.0595  -0.4698  -1.5445  -2.8434   0.0895   0.3631  -1.2496  -2.7334  -0.9702   0.8505  -0.6916  -2.1127  -1.0328  -0.0693   0.5061   1.0333  -0.0869  -0.3472   0.2836
