            A        R        N        D        C        Q        E        G        H        I        L        K        M        F        P        S        T        W        Y        V
 1 A  -0.9887  -1.5415  -0.5547  -2.2935  -0.0256  -2.7518  -2.9263  -1.6574  -3.0119   1.5149   0.7372   0.7404   0.0616   1.5429   -0.962   0.1239  -1.8365   0.8282  -2.1426   0.3616
 2 A  -0.5081  -1.5554   0.7689  -2.8976   -3.024   1.4568  -1.2075   0.5596  -2.6575   0.6087   0.5111  -1.6002   0.0188   1.4868  -3.2409  -1.9435  -0.6107   0.4641   0.2229    0.216
 3 A  -0.3261   0.1949  -0.2694  -2.8354  -1.5341  -2.3739   -0.681   -0.679   0.4058    0.965   0.4997   0.6271   0.0101  -2.5944  -0.9114   1.1595  -0.7555   0.8093  -0.6654   0.3105
 4 A    0.322  -1.1553  -1.7567   1.3355  -2.9772  -2.4089  -0.2548  -1.0409   0.9415  -1.8297   1.1976  -0.0982  -1.2327  -0.0964  -3.0056    0.562   0.0793  -0.0823  -0.0529  -0.4662
 5 A  -1.9999   0.1617   0.3462  -2.0274  -1.5484  -2.4322   0.3342  -2.4488   0.4043   0.8618   0.4532  -1.5255   0.2624  -0.2947   1.2006    0.467   0.8003   -3.147   -1.057   0.4591
 6 A   0.4226   0.1464   0.1246   0.2867   0.2426   0.7459   -0.349  -2.1971   -2.614   -2.641  -0.8973   1.6809  -2.5514  -3.2561   0.8312   0.9534  -0.0218  -3.4462  -3.0022   0.2119
 7 A   1.0588   -1.175   1.1302   -0.435  -2.8064  -2.4016   -0.289  -0.3223  -1.5094   0.1773   0.1904  -1.5262    0.961  -1.0792  -2.8992   1.5224   -0.314    -0.95  -1.7216  -0.4215
 8 A  -0.4892   0.3059   -1.383   0.3546  -3.0131   0.7041   -0.122   0.1562   -2.671   0.2286   0.1533   0.1676   0.8237  -0.0922  -3.0902  -1.8878   0.0675  -2.9055   0.6602   0.8661
 9 A  -1.2147   1.6784   0.0644  -2.8842  -3.1292   1.2411   -0.855  -2.4787  -1.4277   -0.104   0.9319   0.1126  -1.2017   0.5742  -0.1036  -0.3795  -1.4303  -2.8257   0.6808  -0.2025
