            A        R        N        D        C        Q        E        G        H        I        L        K        M        F        P        S        T        W        Y        V
 1 A  -1.3856   0.3844  -2.9735  -0.7658  -1.8014   0.4693  -0.8869  -2.7183  -2.9172  -0.4956    1.068   0.9198  -2.1976   0.3391  -0.3493   0.6052  -1.6069  -3.0721   0.8068   1.0019
 2 A  -2.8733  -0.3775  -0.7873  -1.5699  -3.1805   0.5592   -0.971  -3.6455  -0.3564   1.3529   0.5887  -2.9538    1.431   1.3047  -0.6083  -1.0199   0.1797   1.8298   -0.448   0.5146
 3 A   0.5383  -0.2911   0.4509  -0.5492  -0.0097   0.9078  -1.6604  -0.0745   0.7062   0.3388   0.1874   0.9205   0.0067   0.1978  -1.5882  -2.0485  -0.8316  -3.1975   0.1152  -0.4299
 4 A  -0.0719  -3.0351   0.6309  -1.8019  -3.1597  -0.9665  -0.1338  -0.6266  -0.3328   0.2114   0.8704  -1.5122  -1.4584   0.6183   0.0199   0.8177   0.5624   1.6796   0.1401  -0.6487
 5 A  -2.8345  -2.3841  -0.0763  -2.5591  -0.2656  -0.0346  -2.4288  -3.6709   0.1359   0.8482    1.783  -2.4306   1.7655     0.36  -1.6781  -0.3687  -0.8265    0.187  -2.5847   0.5248
 6 A  -0.3185   0.0807   0.4699   -1.712  -1.1111  -0.1335  -0.3459  -0.3563   -1.735  -0.2114  -0.5433   0.3317   0.8447  -2.3572   1.8696   1.4485   0.5799  -3.5997  -2.0345  -1.9225
 7 A   1.0395   0.0737   1.0416   0.0431  -1.0798   0.8172  -1.5915   -0.032  -1.0874   0.0825  -1.9455  -0.5522  -0.0397  -3.3228  -3.0507   1.4586   0.4236   -3.587  -3.1733  -0.0617
 8 A   0.1489   0.1664    1.263  -0.3754  -3.2084  -2.6688  -0.3894  -0.7676  -1.1091  -1.1967   1.3772  -0.0829  -0.8842   0.7728  -3.3353  -0.1714  -0.4518   -0.332  -1.2326   -0.434
 9 A   0.3765  -0.6488   1.4814  -2.1696  -3.1834  -0.9109  -1.3868  -0.1491  -0.3065  -0.7761  -0.6056   0.0343   1.1995  -0.7618   0.9536   0.2762   0.9815  -3.2721   0.4101  -0.1576
