            A        R        N        D        C        Q        E        G        H        I        L        K        M        F        P        S        T        W        Y        V
 1 A  -2.9116  -3.0219  -1.0367   -0.446  -3.2541   -1.014  -0.9738  -1.6499   0.3645   0.9027   0.9316   0.2557  -0.1778   1.8401  -2.3258  -1.0452   -1.094  -2.7279    1.305   0.4867
 2 A  -0.3489  -1.4009   0.6425  -0.3642   0.2259  -0.1557   0.2162   -0.077   1.2921  -0.4802  -0.5716  -1.4498   2.0346  -0.5543  -0.5727   0.8732  -0.6011   0.1714  -0.5586   0.1685
 3 A  -0.4772    1.059  -0.1902  -1.5304  -0.6287  -1.9044  -1.4797  -3.3753  -1.8017   1.0656   0.9837  -1.7474  -0.4862   0.6963  -1.6238   0.9145   0.1984  -3.1595   -0.286  -0.1567
 4 A  -2.3737  -2.4308  -0.4067   -1.043  -0.2761  -0.4614  -1.9433  -1.9586   -3.194   0.5676   1.5716  -3.2019    2.544   1.5055  -3.6213  -0.3821  -2.7394  -2.9897  -1.1312   0.1904
 5 A   0.4919   1.1036  -0.1406  -1.7471  -3.3053   0.6207  -0.1908   0.0206  -1.7158  -0.5599  -0.3165   1.4027  -1.6459   -3.275   0.1872   0.2643   0.3871    0.844  -1.9962  -0.8881
 6 A   0.9892  -0.6884   1.3803  -0.3456  -3.1095  -2.6311  -0.6908   -0.703  -1.6949  -2.2849  -0.3938  -2.1356  -1.6628  -0.3821   0.0342   1.5943   0.4148   1.5029    0.095   -0.095
 7 A   0.4953  -3.0966  -1.0217  -3.2056  -1.0605   0.1509  -0.7534  -1.3149  -3.1638   0.8505    0.982  -1.8551     0.45  -2.7471   1.1037   0.6857    0.304  -3.3886  -0.3521   0.5527
 8 A  -1.1805  -0.6473   0.8026  -2.9352   -0.657    0.695  -1.3937   0.7316  -0.3227  -0.2844   0.3187   0.3038  -0.2723  -0.2074   0.5543  -0.3975   1.2871  -3.2137   0.4099  -1.1784
 9 A   0.0263  -0.3097   1.2129  -2.7762  -3.1698   0.3422  -0.5128   0.0236   0.3696    0.103   0.4136   0.1387  -1.5447  -3.0766  -1.1434   1.1442    0.571  -1.2162  -1.9711  -0.2379
