            A        R        N        D        C        Q        E        G        H        I        L        K        M        F        P        S        T        W        Y        V
 1 A  -0.7146   -0.923  -1.2285  -0.8804  -0.9049  -0.4088   0.6661  -1.6617  -0.9857   0.9396   1.2958  -0.7533   1.5287  -0.2167   -1.309  -0.9004   -0.585   -1.063  -0.7064   0.3221
 2 A  -0.7659  -0.4589  -1.3057  -1.5112  -0.8791  -0.6341  -0.9437  -1.6379  -1.2003   0.4139   1.8028   0.5524    0.664  -0.1153  -1.3192  -1.0303  -0.6683   -1.063  -0.6982   0.0832
 3 A  -0.7428   1.1921   0.0909   1.9382  -1.7988    0.301   1.2266  -0.9679  -0.3892  -1.6402  -1.5506   1.0386   -1.111  -1.6783  -0.8406  -0.2563   -0.596  -1.5545  -1.2294  -1.4559
 4 A   0.8347   -0.826  -0.3771  -0.7251  -0.6914  -0.5306  -0.6097   1.0411  -0.8704  -0.6323     0.23  -0.5651  -0.3233  -0.9182  -0.7853   1.3048   0.0084  -1.3107  -1.0134  -0.5295
 5 A  -0.6807  -0.9826  -0.4637   0.9873   2.1647  -0.6476   -0.423  -1.1929   1.7878  -0.6674   0.2205  -0.8193  -0.4215   -0.929   1.6159  -0.5998  -0.7105  -1.4838  -0.5762  -0.7692
 6 A  -0.5715  -0.6593   1.1603  -0.5027  -1.3219  -0.4171  -0.5282  -0.8611   1.9681  -1.0118  -0.8612  -0.6185  -0.6455   1.3942  -1.1455   0.6051  -0.3809  -0.1746   1.7397  -1.0266
 7 A  -0.6464   0.2073  -0.3006  -0.6248   -1.433   1.9252   0.2642  -1.1103   1.9017  -0.7463   0.2394   0.9655  -0.1508  -0.9641  -0.9648  -0.4104   -0.596   -1.147  -0.3234  -0.8251
 8 A  -0.8983  -1.3573  -1.7115  -1.8623  -0.8403  -1.3405  -1.5835  -1.8624   -1.326   1.0506   1.6247  -1.4022   0.6443   1.4116   -1.633  -1.3198  -0.7356  -0.6707   0.0289   0.4004
 9 A   1.0188   -0.553  -0.0059  -0.3721  -0.5595   -0.213  -0.2215  -0.2182  -0.6161  -1.1806  -1.2358  -0.2636  -0.7495  -1.2706   -0.504   2.0613   0.4565  -1.4219  -0.9817  -0.7377
