            A        R        N        D        C        Q        E        G        H        I        L        K        M        F        P        S        T        W        Y        V
 1 A  -0.8554  -0.1621  -2.9764  -0.7631  -0.6422   0.7042  -0.8811  -1.3451  -0.0593     0.39   0.0439   0.9171   0.7435  -1.2242   0.5556  -0.0838  -2.6339   0.8677   0.6847   1.1602
 2 A  -2.9717  -1.2266  -1.4107  -2.0536  -3.1643  -2.1099  -1.9903  -3.7648  -0.7083   1.4903   1.0849  -2.0092   1.2571   2.1163  -3.6802  -0.8649  -0.3281   1.3511   0.3868   -0.193
 3 A   -0.252  -1.6293   1.2183  -0.3514    0.912   1.3867  -0.8323   0.2567   1.1982  -0.3687   0.0577   0.3976   0.5727  -2.2874  -1.5801  -0.0403  -1.2854  -3.5144  -2.9621   0.2385
 4 A    0.176   0.4517    0.245   -0.362  -3.1817    -2.55    0.482  -0.3708  -2.8937   0.0339   0.5614  -0.5804  -0.5607  -0.1964  -1.5749   1.1864  -0.2693   0.8634  -0.3111   -0.327
 5 A  -0.1587  -2.3277  -0.5619  -2.4687  -2.9785  -0.4231  -1.2153  -3.3825  -3.1868   0.4327   1.8309  -1.8914   2.0179   0.1275  -3.3885   1.2555  -2.5202  -3.2302  -2.7338  -0.4273
 6 A  -0.6931   0.3847  -0.1508  -2.2592  -1.1276  -1.7549  -0.5231  -0.1698  -1.6529   0.5069   -0.616   0.8704  -0.2905   -1.216   1.1876   0.9896   0.3025  -0.3083   1.5493  -1.5827
 7 A   1.0295   0.1733   1.7518  -0.3368  -0.6261   0.5933  -2.0458  -0.2259  -2.8243  -0.6403  -0.0854  -1.1225   -1.612  -1.3883  -0.5468   0.9031  -0.1177  -3.5601  -3.1183   0.0136
 8 A  -0.0832  -0.8974    1.203  -1.1747  -3.1485  -0.4072  -2.8943  -1.1015   0.1642  -0.1061   0.9449  -1.2207    1.009   0.2035   1.1072  -0.4152   0.7104  -3.3191  -1.2719  -0.1122
 9 A   0.7179  -2.0575    0.887  -2.8638  -0.6238   0.3435  -1.3546  -0.2444  -1.0929  -0.9448   0.0526   0.6812   0.5693  -1.7038   0.4568   0.2907   1.5247    -3.36  -0.1205  -0.9885
