            A        R        N        D        C        Q        E        G        H        I        L        K        M        F        P        S        T        W        Y        V
 1 A  -1.0312  -2.0906  -1.0949  -2.6729   0.0119   0.6174   -1.156   0.1268  -2.4966   0.3145   0.4101   1.2098   1.1973   0.1079   0.0743  -1.1903  -0.7291   1.5316  -0.6415   0.7398
 2 A  -2.1885    0.439   1.4211  -2.4027  -2.6769  -0.3423  -1.6338  -1.5734  -2.1417   0.9796   0.3931   0.0097  -1.7485  -0.5361   0.0739   0.1521   -0.194   -2.435   1.4241   0.5119
 3 A  -0.5748  -0.4634   0.4653  -1.6926  -2.6426   0.2266  -2.1741  -1.5145   0.5997     0.54   0.3006   0.0089    1.015  -0.9216   1.1082   0.8455   0.4667   -2.502   1.1865  -1.4837
 4 A  -1.0685  -1.2065  -2.7734  -2.9492  -2.4816   1.0382  -1.2581  -0.9985  -2.6902   0.3116   1.9603  -1.2892   0.9404  -0.0218  -2.9481  -0.2442  -1.5034   0.8484  -2.1133   0.4697
 5 A  -0.1038   1.3523  -1.4064   -0.284  -2.8153   1.8638  -0.1838   0.7519  -0.4365    0.315  -0.5932   0.5027  -2.0241  -2.5374  -2.6451  -0.7806  -1.4949   -2.772   0.0016   0.1372
 6 A   0.5164   0.8928   0.2694   -1.803  -2.6206   0.7808   -2.237  -2.7064   0.5772  -0.4092   0.9394  -1.4964   1.2068   1.0617   0.3024  -0.3577  -2.1184  -0.4817   -1.068  -0.3439
 7 A  -0.4315  -0.6967     1.96   0.1633   -2.769   1.4257  -0.4123  -1.8827    0.031  -1.2416   0.7823  -0.5137   0.0271  -2.3155    0.091   0.3275   -1.982  -2.7591   0.2837  -0.4383
 8 A  -1.5129  -0.6396  -1.4083  -0.5163    0.648    1.211  -1.3549  -1.4832  -2.3864   0.3958  -1.1233   1.1738  -0.0396  -2.8341   2.2371   1.3654  -0.3704  -3.1628  -2.6634  -0.7913
 9 A    0.767  -1.1004  -1.0714   -0.567   -2.534   1.4127   0.1035  -2.0183  -0.4925   0.8507    0.688  -0.3526   1.3605  -0.3241  -2.7018  -1.5012  -0.4394  -2.6515  -0.2634   0.1427
