            A        R        N        D        C        Q        E        G        H        I        L        K        M        F        P        S        T        W        Y        V
 1 A  -1.0412  -0.1518  -0.3458   0.0753   0.6476  -0.2905  -1.0592  -0.6862  -1.1761   0.6652   0.3772   1.6399  -0.3547  -1.5911   0.5124  -0.8474  -2.1013  -2.8956  -0.7617   0.4886
 2 A   -0.579   0.9924  -0.6244  -0.8781  -2.6307   0.6198  -2.1724  -2.7265  -1.0564   0.4696  -0.7829  -0.7789  -0.9361   1.4256  -2.7179   0.8435   0.9131  -2.2551   1.2313   0.2955
 3 A  -1.7654  -2.1101   0.7229  -1.2427  -0.4705   1.0665  -2.1506  -2.8651   1.1817  -0.9869    1.567    0.626   0.1335  -0.3036   0.4994  -0.8801  -1.0716  -2.6611  -0.2348   0.0639
 4 A  -2.1109      0.8   -2.357  -1.7421  -0.4806   1.7692  -0.2536   -0.498  -2.2342   1.1511  -0.1373  -1.0412  -1.8126  -0.3297   0.9739   0.4008  -1.4532  -2.5665   0.8916   0.2131
 5 A   1.2721  -1.6226  -1.0748  -1.2777  -1.1152   1.4024  -1.1145   0.0448  -1.1663  -0.5992   0.4746   -1.184   1.8213   0.1025  -2.6914   -0.512  -1.0279   1.5325  -1.1848   0.0766
 6 A  -0.6199   1.0862   0.8548  -2.4655  -2.6868  -0.0119  -1.1479  -0.6762    1.339    0.035   1.3166  -0.7702   0.4009  -1.4735  -0.2003   0.1442  -2.1014  -0.5295  -1.2481  -0.7057
 7 A  -0.2168  -2.1754   1.1907  -0.7313  -2.6189    0.005  -0.0549  -2.5061    0.832   0.8643  -1.0573   0.0143  -2.0188  -2.2589   0.3318   1.1791   0.6139  -2.6627   0.8857   0.0729
 8 A   -1.549  -0.0453  -2.3274  -1.2545  -2.5522   0.2149  -1.5669  -2.7468  -2.5144   0.3926   0.9256  -0.1568   0.3823  -2.3078   1.9229   1.3518   0.1977  -2.9118   -0.767   -0.032
 9 A   0.2434   0.2803   0.1193    0.395  -1.1837   0.2194  -0.2781   0.3832  -2.3624   0.9473   -0.029  -0.5667   0.8222   0.5767  -1.5916  -0.1473  -1.4767  -2.6732  -0.6672  -0.6619
