            A        R        N        D        C        Q        E        G        H        I        L        K        M        F        P        S        T        W        Y        V
 1 A  -1.6571   0.0563  -1.4396  -0.8032  -2.8363   1.2205   0.1415    0.012  -2.1603   0.8443  -0.1816   1.4344  -1.9265   0.5865  -0.9342   0.4247  -0.4411  -2.4945   0.7407  -1.9691
 2 A  -0.3891  -0.3969  -0.9948  -2.4965  -2.6147   0.2492  -1.5061  -1.5281   0.5703   1.0178  -0.0247     1.16   1.0189  -0.6736   0.8467   0.6576   0.5925  -2.7811  -0.6886  -0.8448
 3 A  -0.4478  -1.1017   0.5722  -1.2827  -2.6024   1.6771  -2.1716  -2.1039   -2.255   0.0032   1.2221  -0.3751   0.8839  -0.5143  -2.8632   -1.214  -2.1105   1.2444   0.9109   0.8256
 4 A  -0.8163   0.9954   1.1759  -1.1748   0.6423   0.4456  -2.1589  -0.2744   1.1858  -0.3461   0.3438  -1.0618   0.8084  -2.4599   1.1004  -0.1481  -1.0484   1.5189  -2.2658  -0.6016
 5 A   0.1351  -1.1535  -0.4076  -1.3235  -2.4599   1.1766   -2.287  -1.5881  -0.5353   0.2799   1.3603  -0.8926   1.9486  -0.3008  -2.8143  -0.0188  -2.0293  -2.7171  -2.2038   0.7052
 6 A  -0.6452  -0.0778   1.2503   -1.161   -1.197  -2.1376    0.204  -0.4838   0.8122   1.3818   0.8829  -1.1975  -1.6886  -2.0835   0.6726  -1.6017    -1.52  -2.6864   0.5206  -0.7889
 7 A   0.3783  -0.1236   -1.302   0.3038  -1.1995   1.7183    0.599  -2.4528  -2.1461   -1.876  -2.0621   0.9702  -0.4924   0.0118   0.3509   0.8033   1.1834  -2.8018  -0.7101  -0.8771
 8 A   0.0673  -2.4142   0.3406  -0.0672  -2.6064  -2.1278   -1.113   0.6011   1.6057  -0.1908   -0.122  -1.2101  -2.0696  -0.7003   0.8477   1.3093   0.1913  -2.7935  -0.2676  -0.1167
 9 A  -1.0588   -1.623  -2.4907  -0.6184  -1.1554   1.0494  -1.6077  -0.9624  -0.0826    1.245   1.1042  -0.0339   0.6742   0.6024   0.2996  -0.0331  -0.7192  -2.6925  -2.0738  -0.3725
