            A        R        N        D        C        Q        E        G        H        I        L        K        M        F        P        S        T        W        Y        V
 1 A  -1.3404   0.6085   0.1001  -2.4878  -0.4647   0.2578  -0.2755  -2.8487    0.801  -0.0437   1.3608   1.0163  -0.7577  -0.6369  -2.7482    0.136  -1.4579  -2.7895  -2.2158   0.4007
 2 A  -0.8008   1.0338  -0.9725  -1.1429  -2.7805   1.8665   0.4427  -2.0401   -2.157   0.1052  -0.0718   0.4973   0.3391  -0.3923   0.5188  -0.3135   0.3122  -2.6909   0.0372  -0.2291
 3 A  -0.4314  -2.4027  -1.7063  -1.9296  -2.5774   0.3997  -2.4512    0.124  -1.2435   0.6202   1.0206  -0.0555    2.269  -0.9104   0.0592   -0.636  -1.5212   2.6251  -2.0698  -0.1193
 4 A  -0.7944   0.1807  -0.0892  -1.2356  -2.7001   0.6428  -1.4958  -0.9183   1.3568   0.0471   0.0624   0.7505   1.0198  -0.5422  -2.7315   0.2851  -2.0562  -2.3687   1.4404   0.7196
 5 A  -0.5442  -1.5487   1.4486   -0.232   0.0089  -0.3174   -1.468  -1.8424   1.1908   0.5066  -0.3298   -0.162  -2.0476    0.051   0.9859   1.5434  -0.6113  -2.8605  -1.2288  -0.9972
 6 A  -0.4501  -1.8644  -1.2159  -1.4041   0.0375  -2.5356  -1.8689  -3.0452   0.2402   0.9035   1.4348  -2.6081   1.3867   0.1508   1.6863  -1.7505  -1.5252  -2.7345  -1.2074   0.5641
 7 A  -0.9759   1.7721   1.0105   0.2925  -0.4904   0.4867  -0.6798   0.1733   0.3266    0.402  -1.6419  -0.9026  -2.1755  -2.7717  -2.6267   1.0987  -0.6424  -3.0088  -2.5507   0.1257
 8 A   0.2419   0.4955  -0.6518  -1.7366  -2.6402   1.5242   -1.016  -1.9984  -2.2903  -1.4461   1.2374   0.9495   1.0465  -0.3533  -0.1757  -0.1396  -0.4353  -2.6995  -0.6952  -0.9628
 9 A   0.2691  -1.0717   0.9756   -2.252  -2.6146    0.448  -0.0823   0.4008  -2.3368   0.6278   0.5691   0.2983  -0.3595  -0.1451  -0.9343    0.936  -1.3822  -0.5398  -2.3304  -1.1735
