            A        R        N        D        C        Q        E        G        H        I        L        K        M        F        P        S        T        W        Y        V
 1 A   0.8055   1.2099   0.5464  -0.5769  -1.2182   1.1822   -0.047   0.4014  -0.4442  -1.3804  -1.2686   1.0971   -0.821  -1.5832    -0.84  -0.0536  -0.4589  -1.4224  -1.0654  -1.0085
 2 A   0.3731  -1.1728  -1.4348  -1.6433  -1.0087  -0.9457  -1.1773  -1.2212  -0.6713   0.3025   0.2146  -1.1065    1.057   0.1472  -1.4737  -0.7525   -0.694   3.6551   1.4136   0.2526
 3 A  -0.7079   0.3366  -1.2429  -1.2471  -1.0043  -0.5732  -0.0151  -1.6367  -1.1232   0.6449   1.0557  -0.0068   0.2132  -0.3714  -1.4045  -0.9676  -0.6143   2.1676  -0.5212   0.8305
 4 A  -0.6704   0.5375   0.5995   0.4552   1.2862  -0.0362   0.3913  -1.0923    1.497  -0.6824  -0.3455   1.0537  -0.5794  -1.1545  -1.0432   -0.437  -0.5884  -1.4097    -0.68  -0.1796
 5 A   0.4269   1.0387   0.3584     -0.8  -0.9942   0.6608  -0.3453  -0.9095  -0.6414  -0.2619  -0.0426   0.5234   0.6648  -0.9969  -1.0002   0.1927  -0.3244   -1.332  -0.9127   0.3527
 6 A   0.6633  -1.1283  -1.0834  -1.3412  -0.9991  -0.9215  -1.0408   0.1548  -0.9317   -0.553   0.0379  -1.0057   0.7156   1.1455   -1.323   0.1383  -0.5891   3.4515   0.2441  -0.5608
 7 A  -0.7904   1.8243  -0.1789  -0.7124  -1.8067   0.2961  -0.0384  -1.1206    2.557  -1.6294  -1.3783   1.5427  -0.8593  -1.3203  -0.9854  -0.4498  -0.7564  -1.2336  -0.2317  -1.4986
 8 A   0.9133  -0.3977   -0.345   0.2101  -0.8325  -0.3116  -0.3389   0.3883  -0.8554  -0.8555  -0.4182   0.6286  -0.6057    -1.23  -0.7327   0.8382   0.9242  -1.4213  -1.0909  -0.6046
 9 A  -0.0522   1.3413  -0.3856   0.1871  -1.4794  -0.1223  -0.3091   0.2367   1.7046  -0.4384  -1.0591   0.7553  -0.7808  -1.0299  -1.1198  -0.4569  -0.7362   2.1452   -0.348  -0.8929
