            A        R        N        D        C        Q        E        G        H        I        L        K        M        F        P        S        T        W        Y        V
 1 A   0.6442   -0.752  -0.0012  -1.0615  -0.9999  -0.7115  -0.8859   0.9079  -0.8103   0.3805   0.0172   0.2629  -0.3536   0.3178  -1.1383  -0.4097  -0.5878  -0.9106   0.5556   0.1578
 2 A  -1.0529   0.1476   -1.133  -1.3844  -1.5191   1.1283  -0.6297  -1.4882  -0.5706   0.1176  -0.4151  -0.5966   0.4172   1.3012  -1.6836  -0.9908   -0.912   3.8353   1.0137  -0.5438
 3 A  -0.5716   1.0604  -1.2861  -1.5898   -0.864  -0.7046  -1.0985  -1.7151  -1.2621   1.0121   0.5705  -0.5006   0.8693   -0.576  -1.4282  -0.9566   -0.463  -1.3094  -0.8457   1.4968
 4 A  -0.1072   0.7048   0.7489     0.25   0.7287  -0.2629  -0.4067   0.0237   1.4827   -0.921   0.0189   0.6557  -0.5489  -0.8027  -1.1252  -0.4229  -0.6751  -1.1149    0.325   -0.932
 5 A  -0.0297   1.0477  -0.2669   0.6237  -1.3379   0.5197  -0.0729     -0.9   0.8788  -1.0654  -1.1945    1.048  -0.8082  -1.2272  -0.9551   0.6766  -0.3733   1.8426  -0.6162  -0.4383
 6 A    0.207   1.3542   0.2383  -1.0504   0.7348  -0.3724  -0.7645  -1.1137  -0.7817   0.4633   0.1971  -0.1813   1.4829   -0.786  -1.2033  -0.0345  -0.4628  -1.2915  -0.9327  -0.1385
 7 A   0.1797   0.2161  -0.4108  -0.9379  -1.4673  -0.2879   -0.503   0.6628   2.6636  -1.3263  -1.1828   0.3925   -0.848   0.4702  -1.1406  -0.4609  -0.8672  -0.5634   1.3891  -1.2226
 8 A   0.2126   0.2082  -0.6378  -0.9947  -1.1388  -0.5188  -0.6849   0.3945    0.811  -0.8628  -0.1773   0.1484  -0.5741   0.2248   1.0187   0.1881     0.54   1.6487  -0.3796  -0.7917
 9 A  -0.5593   1.1461    0.335  -0.7854   1.7625  -0.1389  -0.4271  -0.1612  -0.7597  -0.3732  -0.9992   1.3227  -0.7714  -1.4462   0.3128  -0.2848   0.5062   -1.541  -1.1791  -0.7326
