            A        R        N        D        C        Q        E        G        H        I        L        K        M        F        P        S        T        W        Y        V
 1 A   0.3598   1.0102  -0.4371  -0.5725   -1.246   1.1158   0.5624   0.0671  -0.5425   -1.054  -0.4784   1.2151  -0.5826  -1.3777  -0.8397  -0.1236   0.2974  -1.3641  -1.0188  -0.8494
 2 A  -1.0374  -1.3226  -1.5452  -1.8169  -1.2324   -1.232   -1.432  -1.6557  -0.6953   -0.054   0.3902  -1.3995   1.2206   2.1803  -1.8489  -1.2104   -0.929    3.146   1.4287   0.0546
 3 A  -0.7911   1.8379    -0.78  -1.2147  -1.3927  -0.1342  -0.5549   -1.478  -0.2494   0.0875  -0.1164   0.7873  -0.3418  -0.0987  -1.2355   -0.731   -0.679  -0.4404   1.6404   0.0731
 4 A  -0.4005   0.9168    0.867  -0.5851  -1.2598  -0.2883  -0.5037   0.2834  -0.5384  -1.0632  -0.8399   0.3087   0.3569   0.7834   0.7243    0.791  -0.3053  -1.0771  -0.4096  -1.0123
 5 A   -0.562   1.9329    0.487   0.3174  -1.4233   0.0261   0.4128   0.1192  -0.5015  -0.9202  -0.5265    0.271  -0.6821  -1.3068  -1.0838   0.2163  -0.4697  -1.4071  -1.0971  -0.3845
 6 A   0.8175  -1.0431  -0.8532  -1.2081   0.9004  -0.7523  -0.9027   0.1682    1.884   0.7422   0.0725  -0.9058  -0.2106  -0.7362  -1.1197  -0.4099  -0.5492  -1.2732  -0.4536   0.4266
 7 A   0.3379   0.9355  -0.8044  -1.0237  -1.1118  -0.1761  -0.4407  -1.0711  -0.8683   0.6231   0.0622   1.3132   -0.265  -0.9908   0.6457  -0.4353  -0.5243  -1.4193  -0.9777  -0.1169
 8 A    0.688  -0.4296  -0.5329   0.9243  -1.0918  -0.3975  -0.2742    0.006  -0.9247  -0.1245  -0.2108   0.7845  -0.5743  -1.2162   1.3656  -0.2532   -0.531  -1.5871  -1.1653  -0.5106
 9 A  -0.6712   1.0762  -0.3652  -0.5611  -1.4735   0.1606   0.6925  -1.1532   1.7111  -1.0749  -0.8748   1.1114   0.5438  -1.0084  -0.9884  -0.2986   0.5087   1.8611  -0.3305  -0.9775
