            A        R        N        D        C        Q        E        G        H        I        L        K        M        F        P        S        T        W        Y        V
 1 A   0.2989   1.1022   0.5026  -0.6249  -1.3228   1.0594  -0.1458   0.7175  -0.5195  -0.3547   -1.038   1.1365  -0.7188  -1.4475  -0.9443  -0.2204   -0.528  -1.4214  -1.0841  -0.7573
 2 A  -0.0953  -1.3453  -1.5602  -1.7553  -1.1563  -1.2247  -1.3512  -1.3652  -1.0456   0.2756  -0.1699  -1.3412   0.6719    1.498  -1.7605  -0.9937  -0.8229   4.0502   0.5769   0.3486
 3 A   -0.875   1.1409  -0.9623   -1.331   -1.414   0.5357  -0.5972  -1.4943  -0.2606  -0.4425   0.2205   0.2341    -0.27   0.1219  -1.4138  -0.8563  -0.7862   2.9078    1.795  -0.0951
 4 A  -0.5394   0.5423   0.6814  -0.8569    1.371  -0.5452  -0.7564  -1.1175  -0.7706   0.2021    0.022   0.2077  -0.2917   0.9897  -1.2268    0.333  -0.3849  -1.0213  -0.3026    0.182
 5 A  -0.0001   1.9091    1.104   0.2362   -1.467    0.788  -0.0935  -0.8923  -0.3532  -1.2244  -0.5167   0.8194  -0.6777  -1.3915  -1.0252   -0.251  -0.5236  -1.4237  -1.0508  -1.0693
 6 A    0.082  -0.8976  -0.6844  -1.0641   0.5575  -0.6011  -0.7563  -1.0366   1.8446   0.2588   0.0534  -0.7906   0.7722  -0.6044   0.6477   0.5364  -0.4193   2.1967  -0.2059  -0.3111
 7 A  -0.7428   1.8237  -0.4431  -0.9269  -1.5573  -0.0279  -0.3887   0.0008   1.8463   0.0585   -0.878   0.8269  -0.6589  -1.1851   0.4813  -0.5819  -0.7382  -1.3284  -0.5531   -0.684
 8 A   0.6117  -0.5906  -0.4721   0.2997  -1.1469  -0.4879  -0.4909   1.3497  -0.6909   -1.285   -1.329   0.4655  -1.0366  -0.9396   1.1404  -0.1118   0.2926  -1.0729   0.5432   -0.996
 9 A  -0.5981   0.5155  -0.4154  -0.5733  -1.4749  -0.0107   0.6557   0.2373   1.1384  -1.3188  -1.2583   0.9946  -0.8793  -0.9833  -1.0238  -0.2476   0.7732   2.9277  -0.2898  -1.1262
