            A        R        N        D        C        Q        E        G        H        I        L        K        M        F        P        S        T        W        Y        V
 1 A  -2.4404   0.2962   0.0916  -0.6517  -0.9014   1.3227  -1.3331  -1.3851  -1.3671  -1.0146   0.1071    0.226   0.3501   0.5065  -1.8716   0.7786  -2.2205    1.409  -1.4712   1.5225
 2 A  -1.9277  -0.4649  -3.4485  -2.7382  -3.3929  -0.6627  -0.1738  -3.0893   0.2705   1.5246   0.6975   0.0282   0.2279   1.5781  -3.7219  -0.4732    -0.29  -1.3519  -0.4586   0.7152
 3 A   -0.245  -2.3674   0.3867  -1.6899  -0.5592   0.7508  -0.2357   0.1215   1.6019    0.405  -0.2821   0.2116   1.4782   0.4396  -1.1028  -0.1033  -1.2957  -3.2991   0.6726  -0.3794
 4 A   0.5482   0.7527  -1.5014   0.7642  -0.8895  -0.6486  -1.9725  -1.3618  -3.2349  -0.0277   1.2416  -1.9957  -0.7477   0.5971   -1.103    0.566  -0.2771  -1.3942   0.0297  -1.1679
 5 A  -1.6756  -3.3574   0.3544  -2.6947  -1.3395   0.5327  -1.0185  -2.1598  -0.9605   0.6274   1.8152  -3.2693   1.5155   0.5422  -1.4759   0.5394  -2.8861   0.3057  -1.4594  -0.2966
 6 A   0.4207  -0.5407  -1.1639  -0.7848  -1.3729  -1.9866  -0.7486   0.0016  -0.5902  -0.1037  -1.1069   1.1788  -0.0667  -2.5532   1.7746   0.9957   0.6079   1.0511  -0.5975  -1.4514
 7 A    1.015  -0.0713   1.8292  -1.8638   -3.335   0.1037  -1.5624   0.3503  -2.9904  -2.6824  -1.8779  -0.9589  -1.3486  -0.6954  -1.3603   1.8035   0.8683  -3.7696  -3.3181  -0.4434
 8 A  -1.2787  -0.3407  -0.2995  -0.5301   -3.408  -0.2581  -1.2007     0.17  -2.1097   0.7901   1.1885  -0.7353    1.091   -0.167   1.0514  -0.8694  -0.8814  -3.6287  -3.1304   0.3544
 9 A   0.7768  -0.6972   0.7007  -2.0198  -0.5413  -0.2086  -0.7619  -0.4135  -1.3376  -0.0563  -0.5882   0.9684   0.4758  -0.1863  -0.3958   0.4016   0.3974  -3.4783   0.2997   0.0754
