            A        R        N        D        C        Q        E        G        H        I        L        K        M        F        P        S        T        W        Y        V
 1 A  -1.6292  -0.7246   -1.932  -0.8041  -1.9891  -0.0357  -2.0474  -2.1177  -1.8364   0.9074   0.3586  -1.7419    1.063   1.7474   -2.505    -0.18  -1.2461  -0.4003   2.1824   0.5837
 2 A  -1.5701  -1.2191   1.0285  -0.2842    0.245    0.018  -0.6942  -0.0983  -3.0768  -1.8172   0.0263   1.0346   1.6879   0.5784    -1.03  -0.7531  -0.4704  -0.0059  -1.0396   0.9297
 3 A  -0.6537   0.0603   0.6835   -3.244  -3.3472  -2.9954   0.0966  -0.0287  -0.8608     1.33   0.0499  -2.0053  -2.4716   0.8162  -2.4538  -0.0508   -0.794   1.1454   0.2733   0.8905
 4 A  -0.2516  -1.3309  -0.0896  -2.1066   0.2619  -0.3727  -3.1945  -0.9738   0.6456   0.4147   1.2742  -1.4325   2.4478   0.4406  -2.4388   0.8473  -2.1839  -3.3807  -2.7906  -0.7547
 5 A   0.1871   0.2957   0.0609   0.1406  -3.4091   0.5393  -0.2549  -2.7663  -1.8729   0.1086    0.425   0.7516  -2.5927  -1.1474   0.4835  -0.2211  -0.0857  -3.3837   0.8148   0.3368
 6 A   0.8151  -0.3913  -0.2026   -2.473  -0.4414  -1.1159  -0.0773  -2.6763  -3.1678  -0.1903   1.3133  -2.9212  -2.3747  -1.7421  -3.3553   1.5468   0.4825   0.9249  -0.0873   -0.461
 7 A   0.3701  -3.0759   0.6205  -0.5594  -1.9877   0.5176  -1.0614  -0.8014  -0.5147  -0.7899   0.2468  -0.5042    0.399   0.2175   2.1048  -0.3209   0.3821  -3.5364  -0.4904  -0.2403
 8 A   0.1438   0.3683   1.3145  -2.2994   -2.025   0.5367  -2.8083   1.4021   1.4633   -2.752  -1.3453  -0.7292  -0.0153  -3.5535    0.851  -0.0623   1.3828  -3.6856  -1.5461  -2.2734
 9 A  -0.7113   -1.548   0.7816   -1.316  -3.2327   0.0063  -2.3013  -1.9331  -1.3087   0.6495   0.4753  -0.2568  -0.1494  -0.7406   0.2646   1.7551   0.9891    -1.39  -3.1091   -0.109
