            A        R        N        D        C        Q        E        G        H        I        L        K        M        F        P        S        T        W        Y        V
 1 A   0.0537   0.1793  -1.0203   0.2111  -0.1439  -0.4396   0.4623  -0.1072  -0.1683  -0.3262  -0.6634   1.0606   0.4342  -0.5199   0.6459   0.8196  -0.7234  -3.4546  -0.0378  -0.9988
 2 A  -0.7615   0.1026  -1.9401  -2.1854  -1.2263  -0.3576  -3.3952  -1.3158  -1.2573   0.9718   0.6668  -3.1933   1.7627   2.1882  -3.7584  -2.0344  -1.8362  -0.3774   0.8532   0.4421
 3 A  -2.4004   0.3198    0.946  -1.9831   0.9193   0.7709  -0.6828  -1.2819  -1.9299    0.704   0.7438  -0.9055   0.6481   0.2941  -3.5725   -0.747  -2.1547  -3.4508  -2.8894   1.3496
 4 A  -0.4787   0.3392   0.9014  -2.3524  -3.3724  -0.0825  -0.6431  -0.8895   1.1784    -1.39  -0.3703  -0.2955   1.6008   0.4816  -0.6979   0.6409    0.272   0.9917   0.3322   0.2483
 5 A   1.1315  -2.9974  -3.0057    -2.34  -3.1129   0.4795   1.0518  -3.2042  -3.1165  -0.4433   1.1112  -1.5481   1.2106   0.0746  -3.2377   1.2474   0.6059  -3.4193  -2.9283  -1.3681
 6 A  -1.1956  -0.8518  -2.4586  -0.4324  -3.2939  -3.1341  -1.6526  -2.0678  -3.1645   1.0074   0.8813  -0.5051   0.9065   1.3421   0.1666   -3.046   0.3342   1.5602   1.0938   0.4394
 7 A   0.1344   -0.264    0.457    0.679  -0.7793   0.0904  -1.6857   0.4618  -0.7798   -0.062  -1.2476   1.1477  -2.9313  -2.5057   0.5501   1.0332   0.2824  -3.6772  -1.0979  -0.7308
 8 A   0.3194  -3.0178   1.7071   0.1267   -3.276   0.4621  -2.1901  -0.0077  -0.4476  -1.4244   1.0035  -1.8807  -1.6437  -1.8475   0.5429   1.1216   0.0966  -3.6665  -3.2021  -0.8347
 9 A  -0.1818  -0.4473  -0.2905  -2.4249   -3.295   0.0622  -0.8308   0.2582  -1.2713   0.1547   0.8723   0.2676   0.4728  -1.1497   1.5428    0.638    0.079  -3.6178  -3.1547  -0.9185
