            A        R        N        D        C        Q        E        G        H        I        L        K        M        F        P        S        T        W        Y        V
 1 A  -2.4762  -3.4272  -1.8959  -0.6394  -1.9994  -3.2258  -2.0738   -2.095  -0.5014   0.2609   0.5626  -2.1526   0.5681   2.0391  -0.0443   0.9721  -0.1105  -2.7171   2.0125   0.0914
 2 A  -1.2498  -0.3538   1.0051  -1.3754  -1.3187   1.6964  -1.8657  -1.1602  -1.2945   1.1459   0.9418   0.5518   0.5786  -0.3763  -3.5678  -1.9575  -1.2414  -0.5443  -0.7614  -0.0242
 3 A   0.4093   0.4097  -0.9487  -3.4607   0.2431  -0.8492  -1.6604  -1.7516   0.6283   1.1125   0.0305  -0.5226  -0.4064    0.122    -0.78   0.1283   0.1995   1.4695  -1.0228   0.7512
 4 A   0.2222  -0.2798   0.5108  -0.5997  -3.3211  -1.5245  -0.1014   -2.039   0.1637   0.2696   1.0094  -2.0052   2.4289   0.6598  -3.5914  -0.3812  -1.2359   0.9123  -2.7288  -0.3626
 5 A  -0.4379  -0.3752  -0.2116  -2.0202  -1.3097   0.3958  -0.8979   0.5325  -0.5287  -0.4328    0.598   0.2741  -0.1781  -0.2491   0.7451   0.1419   0.5874  -3.4196   0.2207  -0.0844
 6 A   0.9286  -2.4671   0.6175  -1.3192  -3.1786  -2.0424  -0.5721  -0.9064  -1.9352    0.006   0.4482  -2.9625  -0.4374   0.1107  -0.5232   2.1655  -1.3395  -3.4652  -0.2865  -0.4079
 7 A  -0.6748   -0.002   0.8253   0.0281  -1.3138  -0.5494  -0.7059  -0.8412  -0.8689   0.3726   1.0086   1.0237  -0.7032  -0.9381   -2.398  -0.6181   0.1004  -3.5417  -0.7898   0.1521
 8 A   0.6132  -0.5148   1.4666  -2.3772  -0.8434  -0.1711  -2.9261   0.1346  -3.0823  -2.5223  -0.1065   0.1216  -0.2287  -0.8012   2.0555  -1.2088    1.285  -1.4179  -1.1441  -1.0816
 9 A  -0.8542  -1.5739    0.259  -2.4532  -3.2514   0.7089  -0.7218  -0.3714  -3.1791  -0.1919   0.8965  -0.6495   -0.149  -2.3067  -0.5375   1.4302   0.7383  -0.0337  -0.7997   0.6854
