            A        R        N        D        C        Q        E        G        H        I        L        K        M        F        P        S        T        W        Y        V
 1 A  -1.5108   0.4501   1.5226  -0.5492  -2.2864  -0.8853  -0.4866  -0.4578   0.1153   -0.599  -1.1506   1.6726  -1.4388   0.7677   0.1568   -1.174  -1.3675  -1.3033   1.8097  -1.6618
 2 A  -0.7478  -0.7549   0.9195  -0.7386  -0.0655   0.1483  -1.4971  -0.4905  -0.1596   0.3937   0.5478  -1.4673   0.6145   0.9596  -1.9603   0.3772   0.2798  -1.7721  -1.1092   0.4784
 3 A   0.3927  -0.6878   -1.736  -1.6445   1.1756   0.6268   0.6935  -1.9222  -1.6245  -0.4114   0.9749  -0.6692   0.0858  -0.5253   0.9609  -0.2313  -1.2149  -1.9223  -0.3535   0.4431
 4 A  -0.8872   0.7603   0.6741   0.2169  -2.0432  -1.2675  -0.1802  -1.8592  -1.4113  -0.3778  -0.8928  -0.6251  -0.1447   1.6732   0.1038   0.3361   -1.289   2.9837  -0.6192  -0.1632
 5 A    -0.34   0.5388  -0.5017  -0.1949  -0.1198   0.2202  -0.6092   0.2264  -1.4302  -0.4078   -0.106  -0.1729  -1.1439   1.3516  -1.8834   0.9686  -0.5214   1.5139  -0.0569  -0.8207
 6 A  -0.0198   0.7406  -0.5715  -1.7502  -1.7633  -0.4208  -1.5478   0.6842  -1.5865   0.2373   0.3264  -1.2613   -0.985    1.513  -0.5503   1.1111  -1.1374  -1.6496   -0.966  -0.6571
 7 A  -0.8008  -0.7795  -0.3548   1.9595  -1.9127  -1.3089  -1.0132  -1.7958  -1.2392  -0.6689   0.1152  -1.4319   0.9264   -0.301  -1.8766   0.7892  -0.5217     1.53   1.5887  -0.1239
 8 A   0.3676  -1.2842   0.0066  -0.0691   -0.114  -0.9664   1.1116  -0.4536   0.5886  -0.7675   0.5518   0.4056  -0.0598  -0.5513   0.1819  -1.0212   0.5022  -1.8016   0.3069  -1.2677
 9 A   0.1472  -1.6167   2.0023  -1.3039   0.6855  -0.4005  -0.2467   -1.728  -1.4901  -0.0042   0.6343  -1.4647  -0.8747   -0.595   0.1307  -1.1441   -1.121  -2.1103  -1.5786   1.1589
