            A        R        N        D        C        Q        E        G        H        I        L        K        M        F        P        S        T        W        Y        V
 1 A   0.6314  -1.6725  -0.0246  -0.7835   1.1937  -1.3807  -1.5072  -0.8886  -0.0839   0.0765   0.0183  -1.4987   1.2817  -1.0704  -1.7619   1.1574   0.3384  -1.5462   1.3431   0.0446
 2 A   0.5461  -0.5849   1.1476  -0.1077   0.6595   0.9505  -0.0896   -1.643  -1.3457  -0.3331  -0.4968  -0.1849   1.2556   0.9259  -1.8591  -0.1376  -1.1857   1.4929  -1.0643  -0.3677
 3 A  -1.7213  -2.1065  -0.9475  -2.4198  -1.8473  -2.1032   -2.211  -2.4125  -1.5706   0.2614   1.2582   -2.163  -0.5326   2.7094  -2.4727  -1.0662  -1.5803   1.6069   1.1429  -0.1584
 4 A  -0.6577  -0.5583   0.9818    0.271  -1.8565   1.4133  -1.0512    0.701  -1.3986  -1.1279  -0.1511  -0.1579  -1.1662  -0.1192  -1.8198   0.6417  -0.4706   0.5959  -1.4561   0.6598
 5 A   0.1896   0.3327   1.2063   0.0724  -1.9765    0.412   1.3163  -0.3779   1.0769  -1.5398  -0.2517  -0.0278  -1.3391  -1.9208  -0.4569   0.4663  -1.1254  -2.1393  -1.5819  -0.2417
 6 A   0.4502  -1.5759  -1.0553   1.7467  -1.6209  -0.3509  -0.9777  -1.6005  -1.6777   0.1136  -0.0585  -0.7087  -0.0611  -1.6927  -1.6759   1.1656   0.3539  -2.2053  -1.7824   0.7628
 7 A    0.147   0.3033   0.3514  -1.3943  -1.8825  -0.1818   0.7252  -1.8379     -1.2   0.6107  -0.4988   0.4566   0.9308  -1.1941   0.9715  -0.5594  -0.1009  -1.5908   1.3328  -0.5888
 8 A   1.1575  -1.5717   0.6511  -1.6041  -1.5949  -0.3973  -1.4533  -0.0008   -0.176  -0.2316    0.325  -0.7331   0.9567  -0.6429   1.2539   0.2149  -0.4759   -2.071   -1.544  -0.0032
 9 A  -0.3572  -0.1729  -0.6817  -1.9228  -0.0518  -1.4081   -1.641  -0.1373   0.4963   0.4476   1.1171   0.0479    0.674   0.0459  -0.5701   0.3168  -1.1978  -1.8878  -1.3072   0.5086
