            A        R        N        D        C        Q        E        G        H        I        L        K        M        F        P        S        T        W        Y        V
 1 A  -0.9269  -0.3989  -1.5786  -0.2906  -2.0488   0.2411  -1.2442  -2.0433  -1.3137   0.2494  -0.0099   1.5213  -0.9949   1.5797  -1.9956   -0.791  -1.4251   2.4498   1.2465  -0.3403
 2 A  -1.2663    0.784   0.6627  -1.6722  -0.0871    0.612  -1.3956  -0.5306   0.5611     0.21    0.512  -0.5837  -0.8392   0.0126  -1.9718   0.0727  -0.5184  -1.8254  -0.2473   1.0383
 3 A  -0.3616  -0.5857   0.0469   0.3141  -0.1178   0.3208    1.132  -0.9808   -0.079   0.2109   0.2815   -0.156  -1.0422   0.3636  -1.7712   0.6303  -0.0656  -1.8134  -0.2555  -0.6792
 4 A   0.1048  -1.4406   0.7726   1.5492  -2.1255  -0.2052   1.1738   -1.655   0.6388  -1.0541  -1.6079  -0.6276  -1.4721   1.9098   -1.815   0.1687  -1.2951  -1.5118     0.06  -1.6612
 5 A  -1.2158   0.1605  -0.0268   0.4791  -0.0584  -1.4202  -1.4347   -1.942  -1.7661   0.4206   0.6517   -1.395   0.0559  -1.4177   0.6016   0.5919   0.5672   1.4637  -1.5354   0.8024
 6 A   0.6321   1.0088   0.0469  -1.4065    -1.84  -0.2297  -0.5354  -0.3443  -0.0913  -1.1711  -1.3282  -0.4119  -1.5945  -2.0098   2.4148   1.1794  -0.4247   -2.204  -0.4573  -1.6365
 7 A  -0.2893  -0.2348  -0.5046    0.744  -1.6179  -1.3555  -1.3726  -0.0864  -1.7229   0.7604   0.2904  -1.4045   1.7851  -1.4385  -1.8449   0.9705  -0.0027   -2.054  -1.6846    0.525
 8 A  -0.1115   -1.449  -0.6439   0.1427  -1.7545  -1.3768  -0.7366   0.6508  -1.7661    0.157   1.4982   0.5512   0.6895   0.0537  -1.9566   -0.735  -1.3661  -1.8797   -1.457  -0.9236
 9 A  -1.3712   0.1896   0.9004  -1.7112  -1.8016  -1.4369  -1.6423  -1.0848  -1.3011  -0.1218   0.7678  -0.7429  -0.8238   1.2586  -0.5879   0.0856   0.5235  -1.3023   1.4269   0.2335
