            A        R        N        D        C        Q        E        G        H        I        L        K        M        F        P        S        T        W        Y        V
 1 A  -0.4385    1.669   0.0167  -0.1974   -1.979   1.0094  -1.0572  -1.0164  -1.3119  -1.2671    0.003   0.5696   1.9495   0.6544  -0.5348  -0.2086   -1.264  -1.8001  -1.2426   -0.838
 2 A  -1.4925   0.2062   -0.597  -0.2696  -2.0276  -1.3562  -0.7347  -1.1284    0.096  -0.3579  -0.0344  -0.2778  -1.0578   1.9187  -2.0367   0.0489    0.183  -0.8056    2.448  -1.2841
 3 A  -0.1382  -1.4268   1.7752  -0.6189  -1.8292   0.5901  -1.3716  -0.0664  -1.3785  -0.4722   0.5149  -0.2755   0.9855   1.1633  -1.9884   -1.184  -1.2419  -1.7437  -1.0853   0.3933
 4 A  -0.7018  -1.5936   0.3138  -1.5992   0.6933  -0.3926   0.1172  -1.9236   -1.691  -0.0239   1.4216  -0.7832  -0.6177   0.0451   0.1372    0.935  -1.0822  -1.9388  -1.4137   0.2889
 5 A  -1.3607   -1.226    1.021   1.6522  -2.0767  -1.1013  -0.9235  -0.9042  -1.4289   -0.563  -0.7843   0.8219   0.4021  -1.7971   1.2511   0.1935   0.5331    2.396  -1.5408  -1.5676
 6 A  -0.6587   0.2217   0.6804   -1.434   1.1645  -1.1981    0.144   0.2138   -0.171   0.9715  -0.5122  -0.1996  -1.1057  -1.7068   0.1561   0.6126  -0.4676  -2.1774  -1.7154   0.4766
 7 A    1.141  -1.7563  -0.6778  -0.8465   0.6897   0.1022  -1.5047  -0.3869  -1.6432  -1.2458   0.4507  -1.5473  -1.0276   1.7954   1.2419   0.4176  -1.2169  -1.6226  -0.8354  -1.2463
 8 A  -0.0673   0.1663  -1.6601  -1.8709    -1.74  -1.3678   -0.296  -0.5162  -1.3358  -0.8821   0.5486  -1.4194   1.3121   1.4446  -1.9882   0.7571  -1.2037   0.7594   1.4547   0.2014
 9 A  -0.3091  -1.4894  -0.4108   0.8192  -1.8893  -0.2484   0.7529    0.693  -1.3145  -1.3813  -0.9853  -0.6583   1.2155   0.0139  -1.7826   0.6517   0.2667   1.5084   0.7685  -0.1886
