            A        R        N        D        C        Q        E        G        H        I        L        K        M        F        P        S        T        W        Y        V
 1 A  -1.7332   0.8045   0.1095  -3.4126  -0.6438    0.011  -0.7107  -2.9924  -0.9575   -0.663   0.7866   0.4796  -1.7733   1.4613   -3.686   1.0985  -2.9353   0.7899   1.2471  -0.1487
 2 A  -2.0497   1.0328  -2.6074  -3.7078  -1.4666   0.2418  -0.6116  -1.5241   0.4988   0.6127   0.9212  -3.0806   0.8135   2.2133  -1.2305  -0.5567  -1.1879  -3.1284  -0.2807  -0.5065
 3 A   0.4706   0.2413  -1.9579  -1.2919  -0.6358  -0.4568  -0.8382  -0.5194  -1.4366  -0.2049  -0.4333   1.6149   1.3246  -0.0253  -0.9037  -1.9731   0.4464   1.3287    0.234    0.061
 4 A   0.2061  -0.6726   1.7685   -0.004  -3.5551  -0.7133  -1.0343  -0.1656  -0.1521   0.2833   0.7537  -0.5328  -0.8679  -0.5167  -3.6504  -0.7422  -0.9449   0.9775   0.0907   0.0691
 5 A  -1.1839  -2.6199   0.2019   -3.478  -3.4521   -0.171  -2.1562   -0.349   1.0437   1.7527   1.0836  -0.9833  -1.6754  -2.9299  -0.3324    0.935  -0.1274   1.3249  -0.2244  -2.0873
 6 A  -0.5676  -3.2724  -2.5353  -1.8761  -2.0999  -0.1707  -3.2348  -0.7425  -0.1955  -1.4229   1.0013   0.1132  -0.8329   0.6433   1.7635   0.7524  -0.3458  -1.5205  -2.1183   1.1261
 7 A  -1.6292   0.2009   0.4029  -1.0496    -0.34  -2.9788  -2.0797    0.718  -1.4805  -1.0563   0.1838  -0.2961   0.7782   -1.685    0.218   0.9181   1.6804  -1.5558  -3.4155   0.2862
 8 A   0.7854  -1.1586  -1.2533  -1.7807   0.2735   0.0117  -1.9938  -0.4866  -1.0089  -3.1754   0.0196   0.6971   -2.979  -0.2872   1.5661   1.4032    0.718   0.5091  -0.4314  -1.0682
 9 A  -0.6915   1.6618   0.8135  -1.4999  -2.1414  -2.0923  -0.4493  -1.8928   0.3663   0.8588   0.0814  -2.2989   0.7925  -1.0676    -1.95   0.5988  -0.9229  -0.6884  -0.2339   0.7251
