            A        R        N        D        C        Q        E        G        H        I        L        K        M        F        P        S        T        W        Y        V
 1 A  -0.0295  -0.4201  -0.5417  -0.5226   -3.662  -0.7372  -1.7436  -0.7961   1.8121  -0.1915    0.501   1.0327  -0.3718  -1.8201  -3.6204  -0.0613  -0.0091  -3.2011   2.0222  -0.3598
 2 A  -1.2912    0.076  -0.2907  -1.8586  -1.0787   0.4242   0.2428  -1.0654  -0.0086  -0.1964   0.5415   0.8698  -2.7593   1.8759  -0.3963  -0.7043  -0.5714   -3.175   1.0575  -1.3766
 3 A   -0.481   -1.109   0.3952    -0.98   -1.518  -0.5998  -3.3823  -0.5938   0.1476   0.7892   0.2799  -1.2264    0.364   1.9053  -1.2756   0.5304  -0.6913    1.116    0.664    -0.78
 4 A  -0.8664  -0.8364  -3.4638  -2.8446  -2.1795  -0.1989  -0.9347  -3.8219  -1.1006  -0.7453   1.5433   1.3093   1.5641   0.6619  -2.6332   0.5251   -1.684   0.9156  -2.9401   0.2017
 5 A    0.317   1.2743   2.2582  -2.0216  -3.6974  -0.7293  -1.4857   0.7842  -1.0197   0.2872  -1.1369  -0.6436  -0.0096  -2.7702   0.0355   0.2642  -1.9568  -3.9745  -3.5697  -0.5591
 6 A  -0.3086  -0.4773  -0.9487   -1.921  -3.4931  -1.0473  -0.4165  -1.3708  -2.2397    1.425   0.6027  -0.2835   0.9482  -0.5724   0.9705  -0.5752   0.3894   1.0949  -0.9602   0.2357
 7 A   0.0577  -3.5552  -0.9433  -3.5899  -0.6634  -1.7834  -0.3151  -0.9213  -0.4835   0.1718   0.8526   -2.734   0.0735   0.1331  -0.2384   1.1884  -1.9245  -3.5605   0.1713   1.5138
 8 A  -1.2184   0.5644   0.8224  -1.5436  -0.4141  -0.5441  -1.7781  -0.3923  -0.0098  -2.2111   0.0642  -0.6866  -2.9407  -0.5659  -3.6058    0.941   1.6176   1.8865   1.1643   0.0394
 9 A   0.5932   0.3787  -0.3812   0.0158  -2.2291   0.0926  -1.6902  -0.6581   0.9884  -2.4149  -0.5084   0.2397   -3.186  -0.8275   2.2108   0.1315   1.1297  -3.9119  -1.3126  -1.4669
