            A        R        N        D        C        Q        E        G        H        I        L        K        M        F        P        S        T        W        Y        V
 1 A  -0.9533   0.3379  -1.2851  -1.8072  -1.5431   1.0152  -0.2324  -0.7807   1.2547   0.6805  -2.0528   1.2322   0.0125   0.0233  -3.5607    1.302  -1.3865   1.2731   0.8897  -0.9558
 2 A   -0.857  -0.3535  -1.1421  -0.9975  -1.0352   -3.264  -3.4162  -0.0345  -0.4574   0.2027   0.3605   0.0542   0.2235   1.2843  -1.2648   0.0041  -0.0967   0.1861   1.1181   0.9846
 3 A  -1.0142   0.7778  -0.4593  -2.9544   0.7596  -0.8163   -2.783  -1.5761  -0.7387  -0.3423   1.3604  -1.1995   0.2565   1.7727  -3.9289  -1.6317  -0.8635   -3.221   0.5619   0.5034
 4 A  -1.1348   0.1818  -0.2768  -0.2888  -3.7316   1.3613  -2.3951  -0.6967  -0.0136   0.1628   0.4213   1.2599   1.7258  -0.4309  -0.3876  -2.5298   -1.028   1.4159   0.1793  -0.4269
 5 A    1.198    -2.13   1.3125  -0.4827  -1.4827  -2.2143  -0.4969   0.0672   -1.059  -0.1145   0.5325  -0.2665  -0.9561  -3.3477   0.5476   0.1307  -0.0781    -3.81  -0.3255  -0.3451
 6 A  -0.1535   -3.513   0.3925  -2.7717  -2.1633  -1.3877  -0.9758  -1.1873   -0.747   1.4502    0.882  -1.4303  -0.5676   0.1445   0.1434   0.9206  -1.6566   2.0765  -0.0908  -0.3497
 7 A  -1.0983   0.1465  -0.5669  -1.8871  -3.5929   -1.016  -0.9345   -0.325   0.5611  -0.7987   0.6129   0.2881   0.6214   0.5097   1.6651  -0.3432   0.0861  -3.7341  -3.0786   0.7658
 8 A  -0.4685   -1.498   0.8971  -1.4793   0.0467  -2.9966   -1.496   0.5451  -2.1366  -0.6566   -3.372  -0.9817  -3.1538  -2.7018  -1.1899   2.0426   1.8261   -3.844  -0.5277   0.6413
 9 A  -0.6333   0.6304  -2.4708  -0.3925  -2.2026   0.0921  -0.1614  -1.3388   0.1395  -0.4144   0.9331  -0.0629  -1.8494  -2.0574      1.1   0.8862  -0.2887   1.4075  -2.2759   0.2873
