            A        R        N        D        C        Q        E        G        H        I        L        K        M        F        P        S        T        W        Y        V
 1 A  -2.9926    0.044   1.7923  -0.5492  -1.0264  -1.5944  -2.0102    0.278  -2.9761  -0.1881  -0.3568   1.0053   0.5122   0.8177  -1.9372   1.1008  -0.3555  -3.4098    0.755  -2.2916
 2 A  -1.7512  -2.5553  -0.2486  -3.4131  -3.6748   0.8884  -0.4613  -1.1499   0.2059  -0.1491   0.4147    -0.44  -1.2945   1.5533   1.5853   0.8284  -3.0134    1.471   1.1026  -0.6891
 3 A   0.4646  -2.0806  -2.0576  -1.1267  -3.3084  -0.0242  -1.0722  -3.6881  -3.5479   1.1859   0.5578   0.5017    0.124  -3.0887  -0.3364  -0.2951   0.3778  -3.7311  -0.6892    1.459
 4 A  -0.4972   -1.259    -3.28  -1.5979   0.0842  -0.7494  -2.6165  -0.5511   1.9477    0.467  -0.3329   -1.367   1.8234   0.2667  -0.7145   0.2754    0.217  -1.4806   0.2433   1.1534
 5 A  -0.8522   0.8995   0.6037  -0.7435   -3.711   0.5718  -1.6923  -1.4826   1.2167  -0.0019   0.8258   0.6399   0.4077   0.6428  -0.5178  -1.2898  -0.5201  -0.6664    0.678  -1.9055
 6 A  -0.0431    0.243  -0.5473  -3.6428  -0.9857  -2.3226  -2.2119  -2.1958  -0.6952   0.5953    0.757  -2.1805  -2.5755   1.6549   0.8148   1.0035  -1.9436  -0.1496   0.3855   0.1946
 7 A   0.7296  -0.2812  -1.9213  -0.3566  -3.4062  -2.1766  -3.0881  -0.0967  -2.1553  -0.4807   0.8485   0.6244  -0.5692    0.327   -1.913    1.587  -0.4638    0.959   -3.077  -0.5655
 8 A   -2.279   0.9048   1.7603  -1.1786  -3.7716   -1.522   0.5033   0.0934  -0.6302  -0.2676  -0.3653   0.8453   0.0487  -0.2872  -0.6971  -1.2066   0.9501  -3.5535   0.4429  -1.2208
 9 A    0.215  -0.1886   1.0311  -0.8767  -1.4567   0.5571  -2.4597   0.0386  -0.4109    0.609  -0.4694  -1.5026   0.0617  -1.1456   1.2023   1.0231  -0.4703   0.4871  -2.2753   -0.013
