            A        R        N        D        C        Q        E        G        H        I        L        K        M        F        P        S        T        W        Y        V
 1 A  -0.0551  -0.2174  -1.9351  -3.5185  -1.4207   1.0965  -2.4282  -1.6065   0.5681  -0.7642   -0.043   0.1821  -2.7281   1.6576  -0.4537   0.5298  -0.4457   2.2835   1.4328  -0.2645
 2 A  -2.5808   0.0905  -0.1937  -3.3692  -1.4156   -1.571   0.3385  -1.4502  -3.0423    1.058   0.3957   0.8849   -0.018   1.1259  -3.6657   0.1769  -2.9516  -3.0894   1.5244   0.3724
 3 A  -0.1403  -0.4353   1.3764  -1.1944  -0.9598   0.5338   -1.951  -1.0597   1.5696   0.9209  -0.5321   0.9358  -0.0599     0.22  -0.2784  -1.9878  -2.3743   1.8931  -0.7792  -0.4061
 4 A  -0.3351  -1.9928  -1.8724  -1.0051  -3.3656    0.806   0.3562  -0.0505  -0.3552   -1.655   1.3556  -0.5973    0.743  -2.3617  -3.4768   0.7155   1.1576  -1.4664  -0.8812  -0.0794
 5 A   -1.461  -3.4402    0.785  -2.6488  -0.5612  -0.7133  -1.0522  -1.6294  -3.4184   0.4361    1.552   -3.295  -0.7204   0.4151    0.807   0.8451  -0.2946  -3.5597  -1.5504   0.4805
 6 A   0.0388   0.3393  -1.4919  -0.6653  -1.4003   -0.426   -0.377   0.1622   0.0726   0.5183   0.4648    0.273  -1.2614   -2.565   1.5248    1.083  -0.2933  -3.8474  -3.3692  -1.8278
 7 A    1.041   -2.351   1.3458   0.3128  -0.9202  -2.0236  -1.1105  -1.9346  -0.6016   0.2178  -1.3629   0.6413   0.1023  -0.2532    0.486   1.4576   0.4569   -3.769  -2.2106  -2.9179
 8 A  -0.5375   0.1717  -1.0233  -2.1265  -3.4624   1.1687   0.1179  -0.6957  -3.2115  -1.0831   1.2332  -0.5812  -0.0093   0.0369   0.4676   0.2679  -0.7244  -0.1099  -0.1753   0.4492
 9 A  -0.9604  -2.0577    1.047    0.296  -0.9278  -0.1051  -1.3891   0.0995   -3.081    0.486  -0.6946  -1.2646  -0.2874   0.0309  -0.4378   1.1655   0.7067  -3.4178    0.896   0.3458
