            A        R        N        D        C        Q        E        G        H        I        L        K        M        F        P        S        T        W        Y        V
 1 A  -2.0365     -1.8  -2.6664  -3.7523   0.5696  -3.3079  -0.2667  -1.1735  -0.9658   0.6137   0.8975  -0.2523  -0.2553   2.3385  -3.8902   0.0365  -3.1542  -2.7752   1.9655  -1.0653
 2 A   -1.505   0.0815   0.8921  -0.6854  -0.1202   0.5086  -0.7964  -1.4253   1.0671  -0.3138   0.1384   1.2569   0.5422  -1.3246  -0.3088   0.7212  -0.1201  -3.5596   0.4667  -0.7919
 3 A  -1.6992   0.5685   0.0254  -1.4743  -3.5986  -0.2824   0.3784  -0.3371    0.057   -0.376  -0.0789  -0.7519   1.2533   0.7899   -1.936    0.905   0.2374   0.9952   0.8746  -0.1461
 4 A   0.3701  -3.4803   0.2784  -1.3276  -2.0795  -0.7603   -1.547  -3.6623  -3.4293    0.388   1.4816  -2.2504   1.7483   1.3052  -2.6167    0.415  -1.9458   1.6172  -1.9412  -0.5663
 5 A  -1.5371   0.6379  -3.3729  -1.5848  -0.1088   0.5776  -2.5118   -1.015  -0.6664   1.2721     0.75   0.8462  -0.8112   -2.273   0.2105  -1.3055  -0.2475  -3.4423    1.082    0.392
 6 A   1.0292  -0.2809   1.7468    -0.53  -3.4015   -2.949  -1.2091  -0.3751    0.042  -0.1302   -0.693  -2.0494  -2.9649  -3.4463  -0.8883   1.2774  -0.1964   1.4697  -3.2829   0.6664
 7 A    0.224  -1.1765    1.332  -1.2029  -2.1429   0.9199  -0.0937   -1.407  -2.0344  -0.1317   0.4286  -0.5013   0.6723  -0.4073   1.5227   0.5632  -0.9135  -3.7485  -1.2449   -0.558
 8 A   0.4932  -0.6368  -0.8076  -0.3185   0.0987   0.9186  -1.3859  -0.1522  -3.3083  -0.5984  -0.4738   0.4249  -0.9322  -0.7507   1.5256   0.8304   0.5992  -1.5592  -2.3021   0.0499
 9 A   0.3498  -1.7291   0.1374  -1.0007  -3.4192  -1.5871   0.8965  -0.1517  -0.3896  -1.0672   0.5602  -1.7532  -1.8548  -0.2657  -0.6642    1.406   0.9356  -0.1673  -0.9029  -0.0739
