            A        R        N        D        C        Q        E        G        H        I        L        K        M        F        P        S        T        W        Y        V
 1 A  -0.7167   1.1151  -2.3503  -1.5243  -1.0505   0.8201  -0.4312   -1.151   1.4196   0.6114   -1.085   1.1147  -0.9688  -0.8991  -0.0625   1.0717  -1.6398  -3.4281   1.2488  -1.0684
 2 A  -1.7999  -0.0339   0.0565  -1.1276  -3.5869  -0.7786   0.1666  -1.0514  -3.2951  -1.4792    1.173  -2.6301   -1.739   1.9552   -0.984   0.0167  -0.1846   0.5024   0.2563   0.5913
 3 A   0.4283  -0.9921   -0.154  -3.5428  -0.6684   0.5338  -2.5466   -0.005   0.3118   1.4124   0.1385   1.2673  -1.2704   0.7909  -3.6612  -3.0051  -0.4068  -0.7248  -2.9658  -0.1213
 4 A   -0.843  -0.0085   0.4995  -1.5783  -3.6087   0.7088  -3.1968   0.5838  -0.1936   0.0039   0.8352  -0.1518    1.054  -0.5285  -0.5468  -0.2351  -2.4434   0.7342   0.8965   0.1499
 5 A   0.6086  -1.0632   1.8197  -1.7764  -1.4729  -1.0119   -1.293  -1.6285  -1.0359  -2.4106   1.3215  -3.1615   0.7606  -0.7165   -0.213   0.8239  -0.9562   2.3364  -3.0666  -1.0528
 6 A  -1.0814  -1.7547  -3.4694  -3.7103   0.2331  -3.1705  -3.3626  -3.0804  -1.5138   0.6588    0.949    0.739   1.2279   0.2526   1.6451   0.4415   0.5453  -3.4394    0.898  -0.8429
 7 A   0.6313  -0.8795  -0.3614  -0.4632  -3.4417  -0.0275   0.1981   0.2588   0.3168   0.8369  -0.9693  -2.4838  -1.9539  -1.1829   0.1832   1.5127   0.2171  -3.8747  -3.3503   0.2127
 8 A  -1.0529   0.2547   1.0657  -0.1339  -3.5364   0.8798  -1.0211  -0.9961  -0.4218  -0.9431    0.793  -0.5293  -1.8464  -0.7513  -2.5364   1.2263   0.7359  -3.7373  -1.2821   0.3012
 9 A  -1.2114   0.0047   0.5165   0.2081  -3.6436   -0.328  -0.1357  -0.0657   -3.313  -0.1043   0.7606   0.5006  -2.8249  -0.6063    1.232   0.6254   0.1956  -0.7554  -3.3696  -0.8189
