            A        R        N        D        C        Q        E        G        H        I        L        K        M        F        P        S        T        W        Y        V
 1 A  -0.9943   1.0284  -3.1728  -2.6333   0.3315    1.057  -0.2469  -0.5715   0.8217   0.2259  -0.0109   0.3668  -1.7545   1.4796  -1.1245   -0.451  -0.9006  -3.2592   0.0671   0.2502
 2 A   0.0192  -1.7807    0.242  -3.7189   0.8921  -3.3938  -2.2259  -1.0832  -3.0577   0.0694   1.2004  -1.8823  -2.3882   1.9141  -3.8036  -0.8969   -1.344  -0.4951   1.9819  -0.1085
 3 A  -0.7355   0.3143   0.6974   -0.488  -2.1206   0.4708  -0.5876  -1.1899     0.71   0.1404  -0.0209   1.2863   1.6036  -3.1733  -1.8477    0.371  -0.8674   1.7992  -0.8276  -0.7077
 4 A   0.4106  -1.6277   -1.207  -3.2672  -3.3839  -0.8803  -0.3761  -0.0144  -3.1309  -2.8991   0.4462   0.2009  -0.2599  -0.4382   0.3985    1.189   1.0903   2.1195   0.8392  -0.5155
 5 A  -0.9593   -2.136   0.5969  -2.1588  -3.2767  -1.6802    -1.78  -1.4038  -2.0601   1.4372   0.6523  -3.2962   1.2608   0.2808  -1.9014   1.1259  -1.4946  -3.3476    0.544   0.9733
 6 A  -0.5255   0.8706   0.1817  -1.0024  -1.3912  -0.0697  -1.3783  -1.2115    0.099   0.6102   0.4281   0.2203  -0.4958   0.0328   1.4945   0.0594  -0.8757  -3.6279   -1.147  -0.0591
 7 A   0.6101  -0.4454   1.6518   0.4917  -1.3776  -0.2132  -0.3268   0.8521  -3.0219  -2.7973  -0.6928  -1.3749  -3.1531  -1.1218  -1.0644   1.5426   0.7927  -3.8237  -3.4366  -2.0177
 8 A  -1.2706  -1.9325  -0.0227  -0.3503  -3.5086   1.3783   0.9728  -1.2152    0.108  -1.2604   1.1115  -0.4361   -0.003   -1.014   0.2848   0.2953  -0.4105  -0.1029  -1.1584   0.4093
 9 A   0.3473   0.2779   -3.182  -1.4725  -0.0355  -0.0731  -0.7949  -0.5479  -1.3923    0.346    0.827   0.3534  -0.2258  -0.1805    0.675   0.7781  -0.5425  -1.4282   0.0036  -0.9007
