            A        R        N        D        C        Q        E        G        H        I        L        K        M        F        P        S        T        W        Y        V
 1 A   -0.419   -2.141  -2.2103  -2.4423   0.6485   0.6677  -1.9122  -2.3806  -3.2788   1.0693   0.3331   1.2698  -0.0368   1.6693  -3.8681  -0.1879  -2.5859   0.0936   1.5266  -0.8541
 2 A   -0.423  -0.3474   1.3234  -0.3871  -0.8003  -0.1773  -2.2723  -1.2904   0.1981   0.6602   0.5241  -1.2981   0.4063   1.7706  -3.9135  -0.4492  -0.5237  -0.3119  -2.0563  -0.0716
 3 A  -1.5004   0.8483  -0.9868  -1.4376  -0.8099  -2.2042  -0.2691  -1.1528   1.4778  -0.9414      0.5   0.8626   0.5148  -1.4714  -1.0845   0.6443  -0.5163   2.5421  -1.3105   0.4561
 4 A   0.6222  -2.1941   0.2294   -3.393   -3.495  -0.8431  -0.0122  -1.1133  -0.1354   0.7363  -0.1669  -0.0251   1.9658  -3.3597  -2.0555   1.2404   0.5045  -0.3448  -1.4122   0.2175
 5 A   0.4048  -0.1577   0.2898  -3.6987  -3.5796  -1.8845  -3.5313  -0.1291  -1.1832   0.4013   1.1079   -1.983   -0.686  -0.5186   1.5176   0.2027  -0.6393  -3.6635    0.684  -0.0096
 6 A   0.1866   0.2182   0.1608  -3.2827  -3.6711  -0.1255  -0.0752  -0.1079  -0.5426  -1.1428  -0.0841    0.739  -2.0831   0.4656   0.0573   1.6277  -0.0739  -3.7621   -0.794  -0.4853
 7 A  -0.6323  -0.0314   1.5844  -0.3376  -3.8004  -0.8309  -0.6948   0.0777   0.3541  -0.6155   0.0307   -0.247  -2.1543  -3.5769   1.5222   1.3337  -0.0814   0.0346  -0.0964  -3.3774
 8 A   0.1154   0.0507  -2.1183   -0.915  -1.5841   0.3159  -3.2372  -2.6625  -3.5821   0.0831   0.7133   0.5848  -1.3822   0.6654   0.3497  -0.3129   1.6838  -3.7649  -2.2999    0.209
 9 A  -0.3201  -1.4264   0.0316  -2.0189  -0.2612  -1.4712  -0.7735  -1.0335   0.9654   0.7329    1.183  -3.4552   1.1185  -1.6892  -2.1306   0.5391  -1.0831  -0.3378  -1.0557   1.1049
