            A        R        N        D        C        Q        E        G        H        I        L        K        M        F        P        S        T        W        Y        V
 1 A  -0.9649   -1.611    0.372  -1.2471   0.2609   0.4051  -1.0421  -1.3046  -0.5547   1.2196  -0.3648    0.033   0.6392   1.2132  -1.0956   0.1276  -0.7763  -3.4804   0.6247   0.6166
 2 A  -1.1442  -0.2604  -3.9355  -3.1724  -1.1485  -3.6054  -2.9887  -2.4696  -0.5807   0.6849   1.5459  -0.3227   0.1722   2.3602  -4.1486  -1.7933  -1.6025   1.3266   0.2897  -0.8263
 3 A  -2.3012  -0.6221  -0.9637  -0.8745  -1.6152   1.2633  -0.6781  -0.8984   0.7966   0.6154  -0.9511   1.1908   1.3812  -2.1664  -3.6567   0.9911   0.0863  -3.8131  -0.4015   0.8462
 4 A   0.6199  -0.6743   1.1297  -1.8334  -2.3156  -1.3664   0.4129   0.5631   0.0551  -0.8098  -0.0072  -0.2555  -3.1878  -0.7309    0.746   1.1795  -0.1762   0.5915  -0.5965  -2.1651
 5 A   0.2236  -0.5883    0.707  -1.6749  -2.2458  -3.2859  -0.9022  -1.2712  -3.4684    0.357   0.7446  -3.3244   0.5291   0.4903   0.4334    0.992   0.4359  -3.6675  -0.0646   0.3097
 6 A  -1.6424  -0.0388  -2.1576  -2.8643  -0.2768  -0.4667  -0.3886  -0.2789  -3.4706   0.3557   0.7389   0.5317  -0.2319  -1.4412   1.1548   0.7777  -1.2797  -0.3308   0.5921   0.7116
 7 A   0.6989  -0.3798   1.6827  -0.1361   -3.641  -2.8411   -2.044  -1.8839  -0.8002   -1.724  -0.6119   1.2272  -2.1802  -2.8984  -0.0457   1.6399   1.2392  -0.8934  -3.6062   -2.482
 8 A   0.4478  -0.1433   0.4462  -1.9868  -3.5657   0.8164  -2.6726  -2.6373   -0.339   0.7421   0.4599  -1.9314   0.6424   0.5456   0.8703   0.3339   -0.003  -1.6791  -2.2768   0.4057
 9 A   0.7183   0.1145  -3.5151  -1.7544  -0.7799   -1.444  -2.3011  -0.1317   0.4597   0.2051   0.8734   0.0395   1.1076   0.0356  -3.7834  -0.7775   0.2882  -0.3148   0.5188   0.2134
