            A        R        N        D        C        Q        E        G        H        I        L        K        M        F        P        S        T        W        Y        V
 1 A  -1.5296  -2.8061  -2.2198  -1.1205  -3.6264  -1.5132  -3.5816  -2.7665  -3.3714   0.5491   1.0387  -0.1473   0.6559   2.0982  -3.9484   0.8499  -0.2018  -3.1081    1.483   -0.186
 2 A  -2.1175   0.9865   1.2918  -2.1953  -0.0964   0.9098  -0.2476  -0.1285   1.0644  -0.8829  -0.0814   0.9109   0.6118  -1.2967  -1.0795   0.0022  -0.6449   0.3367  -1.3869   -0.071
 3 A   0.1026   0.2704  -1.2417   -3.642  -0.8038  -1.4029  -0.2921  -1.1582  -0.1272   0.8333   0.0071   0.7207   1.0118   0.4974  -0.6697    0.059  -0.6516   1.4429   1.0022   -0.346
 4 A   0.8518  -3.5557   0.6961  -3.6202  -0.2609  -0.9028  -1.4551  -2.2855  -1.6337    0.587   1.1394  -2.3548    1.971   0.1205  -2.7094   0.7853  -0.0893  -3.6415  -0.2188  -0.8295
 5 A  -0.4705  -0.5381   -0.389  -2.8542  -3.5918  -0.0234  -2.2248  -0.9057  -1.1642  -0.3218   0.8338   0.8068  -1.0009  -1.1903  -0.1977   0.4478   1.0708  -3.5874   1.0505   0.7065
 6 A   0.4648  -0.1393   1.2126  -2.1566  -0.5111  -3.0092   0.0725  -2.1827   0.5842   0.0188  -1.0498  -2.5463  -3.2117  -2.2661   1.3942   1.9685  -0.3515   0.7934  -1.8328  -0.1842
 7 A  -0.1886   0.1984   0.4511  -1.0536  -3.7103  -0.4682   -1.891   0.6238  -0.3392  -0.2097   0.7229   0.5318  -0.0662  -1.2695   1.0989  -0.7695   0.1398  -3.8855  -0.8387  -0.0427
 8 A  -0.0612   1.1306  -3.3808  -1.0817  -0.5185   0.3162  -1.6177   0.2141  -2.3072  -0.1269   0.1913   0.3219  -1.4425   0.5299   0.5904  -1.3938   0.8934  -3.8129  -2.3434   0.5872
 9 A  -0.8249  -3.5173  -0.1636  -2.0179  -3.4846  -1.4817  -3.4973  -0.9045  -3.6401   0.5092   1.1172  -0.7291    1.329   0.6165  -3.7915   1.4329   0.7163   0.8065  -3.1097   0.3186
