            A        R        N        D        C        Q        E        G        H        I        L        K        M        F        P        S        T        W        Y        V
 1 A  -1.6996  -0.6824   0.2981  -1.9942  -3.7798   0.3033    -2.69  -1.2981  -3.1996   0.1671  -0.5854   0.5197  -2.0006   2.3322  -3.8668   0.9014   0.1428   0.6305   1.2813  -0.3045
 2 A   -2.171  -0.2148   0.2917  -1.0713  -1.1627    0.502  -1.0269  -3.2208   0.1905   0.9823   0.9177   0.8463  -0.6707   0.9884  -2.1436  -0.0329  -3.1598   1.1575  -1.2796   0.2621
 3 A  -0.8486   0.1265  -0.2698  -3.5811  -0.5191  -0.0164  -0.8744  -1.1594   0.9744   0.6137   0.2816   0.4254   1.3156  -3.1306  -0.2044   0.4895  -0.5138   0.9938   0.7681    0.391
 4 A   0.4075   0.3283   0.7136  -0.8629  -0.5119  -0.4556   0.1414  -0.4096  -0.1378  -0.9595   1.1113  -1.8769  -0.7164  -3.4929   0.4339   0.9168   0.2292  -3.9955  -3.5576  -0.7233
 5 A   0.6785  -0.1387    0.285  -2.8801  -3.5321  -2.3322  -0.9021  -1.6189  -0.5749   0.9594   0.3429   0.1753   2.1307  -1.4355  -1.3571  -0.1703  -2.0768   0.3435   -0.399   0.7637
 6 A   0.9171  -1.3848  -3.4348  -3.6266  -3.5811  -3.1955  -0.2983   0.1704   1.1295   0.1208   0.7787  -0.1199  -1.9599  -0.5381   0.6665   0.3328  -0.1037   0.3477   0.3063  -0.0874
 7 A  -0.5397  -0.9189   1.5803  -1.3363  -0.7987   0.6099  -0.5592  -1.9609  -0.3142  -1.5989   -0.782   0.7781   0.7149  -1.5733  -1.0529    1.148   1.4309   0.0271  -3.4465   0.2647
 8 A  -2.6808   0.3407   0.2324   -1.028  -3.8608  -0.0157  -0.7166   0.6241  -1.1673   0.4843  -0.8571    0.589  -0.1014   0.7042   1.9308   0.6486  -0.1975  -3.8631  -1.7819  -1.8833
 9 A   0.9162  -1.9796  -3.5739  -0.7919   0.2725  -0.9238   -1.692  -2.6499  -2.3532   0.7866   1.2299  -2.0388  -1.8166   0.6204  -1.3515   0.7392   0.4887  -3.6361  -0.2113    0.074
