            A        R        N        D        C        Q        E        G        H        I        L        K        M        F        P        S        T        W        Y        V
 1 A  -0.9181  -0.3679  -1.5862  -0.2779  -2.0298  -1.1401  -1.2945  -2.0098  -1.4214   0.2596   -0.159    1.646   0.9754   1.4287  -1.9989    -0.78  -1.4148   3.0176   0.6125  -0.6718
 2 A  -0.3804   0.7634  -1.7261  -2.0777  -0.0322  -1.4382  -1.6918  -1.1235   0.5333   0.0583   1.1372  -0.7019  -0.6203   1.0292  -2.0253   0.0364  -0.5545  -1.6004   -0.076   0.8263
 3 A    0.003  -0.5978  -0.4726   -0.073  -0.0661   1.4541   0.7969  -0.0575  -0.0752   0.3208  -0.5374  -1.1081  -1.0735  -0.6307  -1.7602   0.4332  -0.4626  -1.9158  -0.3243    0.768
 4 A   0.1026  -1.3741   0.7151   0.6451  -0.1516  -0.9934   1.4362  -1.7858  -1.1925  -0.4577  -0.9251   0.1339  -1.2774   2.0673  -1.8599  -1.1306  -0.6419  -1.3368    0.606  -1.3982
 5 A  -0.0324  -0.6827   0.5122   1.6688  -1.7781   0.2517  -0.3638  -1.6233  -1.5034   0.0096  -0.1191  -1.2309  -1.1734  -1.7428   0.2088   0.6913    0.598   0.5871  -1.7118   0.1924
 6 A  -0.2861   0.5875  -1.3689  -1.5659  -1.8897  -0.2407  -0.5648  -0.4287     0.58  -0.4696  -0.3971   0.2251    0.464  -1.7671   2.5439   0.8262  -1.1255  -2.1324  -0.3861  -0.8711
 7 A   -0.242   0.2116   0.4731   1.0236  -1.6513  -1.2571  -1.1755  -0.8799  -1.5898   0.3542   0.3256  -1.2389  -0.9816  -1.6081  -0.4669   1.4186  -0.3375  -2.1672  -1.7403   0.6303
 8 A  -0.8342  -0.6566  -0.7298   -0.899  -1.6788  -1.3793  -0.8068    -0.58  -0.2197   0.7029   1.5033   0.3284    1.423   0.1353    -2.04  -0.8323  -1.3108  -1.8033  -1.2842   0.2046
 9 A   0.2144   0.5344   0.7136  -0.6992  -1.7605  -1.2895  -1.4583   0.7232  -1.3958  -0.6953   0.4568  -0.6164  -0.0316   0.7353   -1.839    0.449   0.2797  -1.6171   0.3872  -0.7411
