            A        R        N        D        C        Q        E        G        H        I        L        K        M        F        P        S        T        W        Y        V
 1 A  -1.5746  -1.5654   1.6181  -0.1671   1.1131   0.1137  -1.4819  -1.0493  -1.2982  -0.0275  -0.2267  -0.3603  -0.0749   2.1389  -2.1036  -1.2614   0.1811  -1.3425    0.586  -0.7375
 2 A  -0.8052    1.036  -1.5028  -1.6795   -1.871   0.6629  -0.1383  -0.5709  -1.6162   0.4762    0.714   0.8746  -0.8876  -1.6313   0.9418  -1.1973   0.7246  -2.1075  -1.7094  -0.2496
 3 A  -0.5925   0.4984   0.4617   0.9983   0.6497  -1.1391  -0.5123  -0.8899  -1.4487  -0.3653  -0.6412  -1.1413   0.8799  -1.6994   0.1647   1.6103  -0.3585   -2.098   -0.477   0.1154
 4 A   0.7086   0.3269  -1.1934   0.9834  -0.1484  -0.9493   0.2979  -1.6343   0.5542  -0.9474  -0.4064   1.0147   0.4432   0.6084   -0.485   0.4184  -1.2189   0.5906  -1.1961  -1.4595
 5 A  -1.3547  -1.7454  -1.7489  -0.9647  -1.8119  -1.6737  -1.7213  -2.0468  -1.7409  -0.1458   0.7744  -0.4385   0.0644   1.9374   0.5441   0.8808  -0.5805   2.7132  -0.5335  -0.0268
 6 A  -0.0721  -0.2553  -0.0526  -0.2652  -1.7928  -1.4544  -1.5357   0.1947  -1.3286  -1.1401   0.7937   -1.463  -0.9845   0.1744   0.1154   0.7761  -0.1012   1.5147   1.5839  -0.4143
 7 A   0.7224   0.9867    1.141  -0.5208  -0.1136  -0.9535   0.9093  -0.0495  -1.4113  -0.3324  -0.3772  -0.4597  -0.1505  -1.8408  -1.7531  -0.4537  -0.0811  -2.1523  -1.7914   0.3492
 8 A  -0.3597  -1.2945  -1.2152   1.3216  -0.1223  -0.2899  -0.0413  -1.0028  -1.5998     0.47   0.2737    0.792  -1.0521  -1.5946   0.1567   0.5943   -0.507  -2.0963  -0.4709    0.212
 9 A  -0.4917   0.2262   0.2957  -0.8291  -1.8546  -0.3961  -0.7459   -1.119  -1.4668    0.343   0.3865    0.348   0.0345   1.6759  -2.0179  -1.3255   0.1883  -1.4412   0.5019   0.2475
