            A        R        N        D        C        Q        E        G        H        I        L        K        M        F        P        S        T        W        Y        V
 1 A  -1.4699   -1.232  -1.7695  -1.9682   0.5987   0.1598  -0.7579   -0.631  -1.6101  -0.4915   0.4158   1.2095   1.5388   2.2108  -2.0918   -0.853  -1.4459  -1.4021  -0.5909  -0.0662
 2 A  -0.1125  -0.8993  -1.7809  -2.1124   1.1335  -1.6674  -1.8377  -2.0334  -0.1552   0.3634   0.8725  -1.7194  -0.7579   1.2411  -2.0157   0.5344   0.4943  -1.2674   1.6087   0.0728
 3 A  -0.4898  -0.6215   1.4514  -0.6646    -1.95   1.1529  -0.6144  -0.1257  -1.4011   -0.001   0.4382  -0.2391   0.9344  -0.5699  -2.0248  -0.6701  -1.2927   2.6658   -1.251  -0.0908
 4 A   0.1134  -1.4943  -0.0503  -0.1155  -1.9038  -1.1184   1.2109  -1.0257  -0.1251  -0.7302   0.4153  -0.2816   -1.043   1.7645  -1.8742   0.3623  -0.1471  -1.5203  -0.0149  -0.7993
 5 A   0.1265  -1.4055   0.9661   1.6156      0.6   1.1786   0.3402  -0.9328   -0.124  -0.6998  -0.4429  -0.6256  -1.2843  -0.8128  -1.7988  -0.1541  -1.1842  -2.2046  -1.6705   0.6344
 6 A  -0.0842   0.2146   0.3577  -0.1968  -1.8464  -1.2049   -0.634  -0.9857   0.9724  -0.0283   0.2306   0.1081  -1.1174  -0.1308   1.4314   0.7676  -1.1443  -2.0909  -1.3951     0.13
 7 A   0.6236  -0.6645   1.1441  -0.6172  -1.6287  -1.2197   -1.304  -0.3539  -1.4735  -0.3305  -0.3971  -0.2328  -0.1576  -1.6934   0.1632   1.5187   0.3582  -2.0904  -0.4775   0.3454
 8 A  -0.1182   0.2651   -0.018   0.4756  -1.8837   0.2468  -0.5488  -0.5113  -1.3252   0.7609  -0.7647   0.6206   1.4893  -1.3007  -0.5494   0.1004  -0.5596  -1.7112   1.0092  -0.2642
 9 A   0.8418  -0.8949  -1.8991  -1.0325  -1.5196  -1.6079  -1.8162  -0.1563  -1.9503   0.4733   1.4445  -1.6738   1.8113  -0.4275  -1.9771  -0.2836  -0.5821   -1.903  -1.5009   0.1735
