            A        R        N        D        C        Q        E        G        H        I        L        K        M        F        P        S        T        W        Y        V
 1 A  -0.5698  -1.9556     -2.1  -2.3009   1.1222  -0.6214  -0.9986  -2.2481  -1.2102  -0.5265   0.5537  -1.9335   0.5971   2.3168   -2.318  -0.9433  -1.5745   2.1023   2.2185  -0.6699
 2 A  -1.4347   0.4494   0.8778    -0.82  -0.1334   -0.505  -1.6571  -0.1644   -1.561  -0.1414   0.5102  -1.4552   -0.883   2.0265  -2.1361  -0.3047  -0.1565  -1.4972  -0.7047   0.3923
 3 A   -1.299   -0.128   1.1245  -1.4813  -1.8788   1.1694  -0.6091  -0.5013  -0.1163  -0.1926   0.5781  -0.6293  -0.9252  -0.0161  -1.9912   0.5628  -1.1609   2.3859   -1.143   0.5422
 4 A  -1.1529  -0.6261   0.5268   1.6673  -1.9866  -0.9075   1.1704  -0.8893  -1.3324  -1.6389  -0.4888  -0.5487   0.4057   0.2518  -0.4713   1.4027  -0.0118  -2.0515  -1.5163  -1.0366
 5 A   0.5431    0.556  -0.4414   0.7783  -0.1464  -0.2098   0.2775  -1.6924   1.0382   0.3168  -0.7153   0.1944  -1.3161  -1.5204   0.6166    0.177  -0.1056  -1.8438   0.7074  -1.2397
 6 A   0.1486  -1.8323   0.2595  -0.8133   -1.674  -1.5386  -0.3142  -1.9304  -1.7116   0.6098   0.6666  -1.6239   0.0637   0.7054   1.4413   0.0503  -1.1819  -1.8297  -0.2389   0.8076
 7 A   1.1314      0.2   0.6445  -0.2159   1.5188   -1.291   -1.394  -0.3774  -1.5631  -1.2277   0.4016  -0.2263   0.4986  -1.6157    0.608   0.1924  -1.1436  -2.0669  -0.4719  -0.3937
 8 A     0.14  -1.4461   0.3658    0.209  -1.8138  -1.2041  -0.1693  -1.7754  -0.0731   0.6009  -0.7397   0.0676   1.5044   0.4352   0.5989    0.157    0.522  -1.5615   1.0941  -1.0009
 9 A   0.1729  -0.2527  -0.6829  -0.9025  -1.6821  -0.4893  -1.6523   0.8267  -1.8276   0.5539   1.3182  -0.8023  -0.6935  -1.2995  -1.9787     0.32  -1.2491   1.4491   -1.541  -0.1727
