            A        R        N        D        C        Q        E        G        H        I        L        K        M        F        P        S        T        W        Y        V
 1 A   -1.654   0.3159  -2.2744  -2.6039  -2.7369   0.6363  -1.1135  -1.5783    1.061   0.8032  -0.0294   0.0244  -0.8988   0.9348  -2.7566   1.2167  -1.4323  -1.9697    2.282  -0.9046
 2 A  -0.8433   0.3839   1.1792  -1.6006  -2.7671   0.9728   -0.448  -1.5455  -2.2552   0.5718   0.8258   1.4423   -1.703   0.4325  -1.5726  -2.0581  -0.4441  -2.7457  -2.1856  -0.4927
 3 A   0.8545  -0.2829  -0.6863  -0.3425   -2.513   0.9236  -1.1491    0.033    -2.46   0.2156   0.6723  -2.2228    0.392  -0.5929  -2.7683  -1.1102  -0.7051   2.0057  -0.2393   0.7574
 4 A   -0.639  -0.2896  -0.1663  -2.8475  -2.5666  -2.3304  -1.8029  -1.2787   1.0078   0.8942   1.5011  -0.6561   0.4601  -0.7877   0.4994  -2.3737  -1.0915  -2.4446   1.0699    0.277
 5 A   -0.723  -2.2993   1.9696  -1.4518   -2.587  -0.7081  -0.7868   0.3097  -0.4319   1.1516  -2.1464  -0.5837  -2.0446  -2.3719  -2.6185   0.8829   0.9411  -2.7791   0.2819   0.5094
 6 A  -1.2951  -0.1289   0.8749  -2.3131  -1.2028   0.0329  -1.4432  -2.6404   0.5888  -0.4933   0.7977   1.4377   -0.361  -1.6487   1.7893   0.5525  -0.9915  -2.9922  -2.4002  -0.5838
 7 A   0.8761  -1.1481   0.8702  -1.6544  -2.4998  -0.3562  -2.2572   0.4194  -0.0521   0.4756  -0.8419  -0.3706  -1.9938   0.0537   0.7032   0.3591   0.3469  -2.8752  -2.2854   0.6616
 8 A  -0.0823   -2.423  -0.6797  -0.3383  -2.4655     0.41  -1.6216  -0.2868  -2.6673   0.1497   1.1788  -0.4057  -0.7653  -1.5056   0.8464  -0.1496   0.1794  -2.9212  -2.4738   1.0981
 9 A  -0.5566   1.3416   0.1295  -1.6714  -2.6037  -0.6515  -0.5014  -1.9855  -2.3596   0.3824   0.7682   0.0781   -0.859  -0.3678   0.1026    1.018   0.1965  -2.7947  -1.3025  -0.1717
