            A        R        N        D        C        Q        E        G        H        I        L        K        M        F        P        S        T        W        Y        V
 1 A  -1.0694   0.1437  -1.1377   -1.913  -2.6067  -2.1352  -1.2305  -1.2842  -0.4704  -0.6329    1.102   0.7218   1.6228  -0.2046  -0.2105  -1.2642   -2.158  -2.3049    1.542   1.0773
 2 A  -2.3125   0.4698   1.4979  -2.3463  -2.7629    1.077  -1.0994  -2.8246  -2.1217   1.6189   0.1838   0.6583  -0.8435   0.1427  -2.8156  -0.5989   -1.464  -2.4943   0.9053   -0.388
 3 A   0.4505  -1.0603   0.4529  -1.7423  -1.1383  -2.0578  -2.2648  -1.1529   0.5784   0.4885  -1.3301   0.8199   1.7013  -1.4336  -1.5571  -0.7319   1.0894   1.7853   0.5505   0.5877
 4 A   0.8427  -1.1497   0.0758  -0.8629  -2.4874   0.9245  -0.2946  -1.9888   -1.197   1.2437   1.1769  -0.6011  -1.5282  -1.4654  -0.5192  -0.1558  -2.0228  -2.8389  -1.3384  -0.0698
 5 A   0.3377  -0.0558   1.5007  -2.3944    -2.64  -2.1539  -2.3187  -2.5974    1.355  -0.1058   0.0361  -0.5994  -1.8847   0.7498   0.3085  -0.1337  -0.4252  -2.3805   1.2208   0.6372
 6 A  -0.5502   -0.069   0.2984  -1.6993  -2.6066  -0.0545  -2.2499  -1.4951  -2.3436   -0.504   0.4938  -1.5633  -0.3816    0.835   1.9226   1.2355   0.7152  -2.6295   0.0798  -0.9953
 7 A  -0.7086  -1.0679   0.9976  -0.4887  -2.6079  -0.0168    -1.51   0.8499  -2.3477  -1.2554   0.7827   0.2963   0.0235  -0.7129  -2.6012   1.3133   0.7202  -0.5472   -2.448  -1.0412
 8 A   0.1545   0.0105   0.1143  -1.7109  -2.5975  -0.0094  -2.1253  -1.1537  -0.0537    0.655   0.2145   1.0868  -1.8329  -0.3976   0.8457   0.5524  -0.1794  -2.8545  -1.2925   0.3026
 9 A   0.5324   -2.587   0.0541  -1.3392  -0.3984  -1.4049  -2.5611  -2.0606  -0.0958    1.166   1.0829  -1.3305   1.7457  -1.3528  -2.7928  -0.8271   0.4588  -2.7235  -0.7006     0.67
