            A        R        N        D        C        Q        E        G        H        I        L        K        M        F        P        S        T        W        Y        V
 1 A  -1.6582   0.7351  -2.3362  -2.6463  -2.6637   0.6557  -1.5175  -0.9452   0.6019   1.1223  -0.0768   1.1052    1.207  -1.9962  -2.7235  -0.0036  -0.4242  -2.4642   1.1943   0.5338
 2 A  -1.8481    0.668   0.5878  -0.3139  -1.2021  -2.1687    0.206   -1.266  -1.0638   0.1909   1.3802  -2.2042   0.4271    1.211  -2.9423  -1.2442  -0.7658  -0.3877   1.2358  -1.4301
 3 A   0.3597  -0.4904  -1.6339  -2.6065  -2.5426  -2.1327    0.049   0.0175  -0.5306   0.6963   0.9003   0.2791   0.4018  -0.3211   0.3206  -0.8156  -0.0164   0.3279  -0.6697   0.1307
 4 A   -0.257  -0.2428   0.7226  -0.8758   -2.552   -0.759  -1.6592  -0.9197   -2.405   0.6525   0.8042   0.4029  -0.7847   0.4839  -2.8037  -0.5876  -1.0169  -2.5449   0.3428   1.1026
 5 A  -0.2554  -1.9565   2.5465  -1.3202  -2.8076   0.9734  -1.3671  -1.3549  -0.8933  -0.6319  -1.3961   0.4603   0.7763  -1.5574   0.7059   0.1187   0.4865  -2.6347    1.039  -1.7984
 6 A  -0.3762  -0.9798  -1.4846  -1.7178  -0.4645   1.2125  -2.0039  -0.1083    0.809  -0.0146  -0.4051    1.021   1.1736  -2.5951   1.8636   0.0393  -0.4205   0.2957  -2.3809   0.0368
 7 A   1.1348  -2.1334  -0.0638  -1.6442  -2.4762  -0.0081   -1.091   0.6212  -0.4991    0.939   0.2052   0.7464  -1.8831  -2.4745  -2.5082   0.9689   0.2039  -2.8906   -1.391  -1.7781
 8 A  -0.5567  -1.8252  -2.7027  -1.9373  -2.3473  -0.4299  -0.9339  -0.7251  -2.8567    0.892   0.9014  -2.5414   0.4592   0.3211  -2.8434  -1.1768   1.0111  -2.7058  -2.1575   1.7789
 9 A  -0.3603   0.5789   0.9856  -1.6446  -1.1367   -1.213  -2.2135  -1.4648  -1.1088   0.0296   0.3147  -0.3153   1.3417  -1.0232   0.8533   1.3086  -0.3554  -2.7789  -0.2968   0.0708
