            A        R        N        D        C        Q        E        G        H        I        L        K        M        F        P        S        T        W        Y        V
 1 A  -1.3638   -0.924   0.1238  -0.0782  -1.2051   1.3367  -0.2065  -1.5674  -2.2019  -1.0992   1.1314   1.2431   1.9367  -0.5873  -2.7249  -0.3583  -2.1173   0.8625   0.0658  -0.9657
 2 A  -0.7687  -0.0153   -0.634  -2.4902  -2.6376   1.0833  -0.4978   0.0161   0.3253   0.9057   0.1631   0.0301   0.0634  -0.9373  -0.5096   0.0259    0.323    -2.53   0.9042   0.2247
 3 A  -0.6363   0.3033  -2.6213  -1.9255  -2.5726  -2.1849  -1.2424  -2.9971  -0.5201   1.0826   1.3283   0.6288   1.0871    0.652   -2.858  -0.8988   0.1444   0.8759    0.126  -0.7157
 4 A  -0.6141  -0.2491   1.5851  -0.5116  -2.6005   0.2207  -2.2195  -2.7042   0.8256   1.4082   0.0296  -0.8457   1.0426  -1.4329  -1.6032  -0.5445   0.0105  -2.7114    0.055   0.4688
 5 A   1.2224  -0.9609   1.3603  -2.2516  -2.6278    0.654   -1.042  -0.0567  -0.4286   -0.996   0.4135   1.0982  -1.9325   0.5772  -2.5747  -0.9639  -0.4228  -2.6228  -0.2319  -1.3056
 6 A  -2.2127  -2.4837   1.8399  -1.6256  -2.5804  -0.7936  -2.4402  -1.1916  -0.4472   1.3039   0.8035  -1.7252   -0.273  -0.2524  -1.6224   -0.137   0.9184  -2.5026   0.9102   -0.076
 7 A  -1.2138   -2.158   1.1918   -1.571  -2.6779  -0.0124  -2.1084    0.054   0.5839  -1.5743   0.3303   0.4265  -0.0021  -2.6297   2.1281   1.0245  -0.9514  -3.0845  -2.5099   0.3301
 8 A   0.1879   1.1248   0.5012  -1.1427  -2.6103  -1.8606  -2.0585   0.3082  -1.1321   0.1027  -0.4509   1.1209  -2.0462  -2.6848  -0.4702   0.9636   0.4912  -2.9929  -2.5964   0.1568
 9 A  -0.7889  -1.8196   -2.759  -0.9694  -2.3867   -0.423  -0.9243  -3.0483  -2.7592   1.4727   1.3596  -2.5446    1.662  -0.0147  -2.9096   0.3724  -1.9992  -2.6585  -1.2193   1.0482
