            A        R        N        D        C        Q        E        G        H        I        L        K        M        F        P        S        T        W        Y        V
 1 A  -2.2898   0.5476  -2.5305   -1.936  -2.7366   0.5916   -1.645  -3.0497  -0.0037   0.2819    1.053   0.2658   0.0816  -1.0757  -2.8947  -0.0724  -0.4937   1.7842   2.2316   0.1774
 2 A  -0.6543  -0.9444   0.9518  -1.1305  -2.9043   0.9381   0.1056    -0.15   0.5701   0.8937  -1.8183   1.5119  -2.0719   1.1929  -0.5432  -2.0423  -0.7645  -2.6256   -0.595  -0.4023
 3 A   0.9579  -0.2602   0.2546  -1.2749  -2.5416  -2.1316  -1.6375  -0.8881   0.2763   0.1569   0.1204   0.6018    -0.38   0.4336  -2.6851   0.1603  -0.7004  -2.5268    0.721   0.7837
 4 A  -0.0418  -0.0803  -0.1955  -1.3501  -2.5965    1.027  -1.2037  -2.1717  -2.3939   0.9247   1.3557  -0.2112    0.128  -0.5437  -0.5793  -2.3199  -2.1795  -2.5268   0.8683   0.4348
 5 A  -1.2329  -1.1025   0.8442  -2.3851  -2.5672  -0.3498   -2.238  -0.1379   0.5404   0.6456  -1.6137   0.3843   1.6747  -0.1773  -0.9628    0.997   0.9933  -2.8401  -2.2539   0.7891
 6 A  -0.0063  -0.2421   1.2354  -1.6665  -0.4809  -1.2433  -2.2368  -1.9516  -1.1407   -0.178   0.6085     0.51   1.1563  -1.5424   0.9535   0.0461   1.2253  -0.5558  -0.0099  -1.5458
 7 A  -0.1394   0.0986   1.7557  -0.2761  -2.6648   -0.059    -2.18  -0.2777   0.7852   0.2188   0.6541    -1.56  -1.8701  -0.7283  -0.5458   0.3092   0.4389  -2.9163  -2.3474  -0.2368
 8 A   0.7427  -2.4865  -1.7093  -2.8219  -2.5871  -2.3494  -2.4745   -2.031   0.5489  -1.4411   1.0803  -0.2585   0.0445   0.7405   1.9563  -0.0209  -0.7505  -2.3643   1.4216  -0.3942
 9 A  -0.3983  -2.4852  -0.1514  -1.2857  -0.4374  -1.3801  -1.2589  -1.5813  -2.6996   1.8178   0.7902  -0.2524   0.1024  -2.2124  -1.6043   1.1942   0.4609  -2.9353  -2.5105  -0.0257
