            A        R        N        D        C        Q        E        G        H        I        L        K        M        F        P        S        T        W        Y        V
 1 A  -1.3924   -0.282   1.5189  -1.5755  -2.8417   1.4547   0.0515   0.4175   0.2637   -0.387   0.5014  -0.8395   0.9505   0.4961  -1.0333  -0.0314  -0.7676  -2.7855  -2.1971  -0.6517
 2 A  -1.7221  -0.2463  -2.3641  -1.3148  -2.7652   0.3966  -0.3363  -0.5582   -1.092  -1.5015   0.9445   1.0189   0.0054  -0.8655  -2.7675   0.2328   0.6248   1.1917   1.8347  -0.0304
 3 A  -0.8911  -0.6614    0.385   -0.925  -2.7756  -0.3458  -2.1601  -2.1064   -2.302   0.9678   0.6097   1.8097   1.2887   0.2506  -2.7705   0.0814  -2.1332  -0.5353   0.6756  -1.1475
 4 A  -0.3161  -1.2029   1.0905  -1.7922  -2.5558   -0.428   -1.725   -2.111  -0.1214   1.0902   0.2943   0.0602   0.3329  -2.1834  -0.5972  -0.8673   0.5282  -2.7864   0.2277   1.3121
 5 A   0.5387   1.0417  -2.5606  -2.7117  -2.6513   1.0216  -0.3355   -2.872  -1.2488   0.6229   1.3725   0.7971  -1.5727  -0.7026  -1.6473  -2.1689  -0.2929  -0.5998  -2.3516  -0.4884
 6 A  -2.2604  -0.3534   1.2694  -1.2862  -2.7265  -0.1271  -2.4515  -0.2146  -1.1401   1.2257  -0.5945  -1.2803    1.945  -0.6111   0.8959  -0.6579  -0.7667  -2.5393   1.2418   0.4655
 7 A   0.6464  -2.3897   1.4441  -1.6541  -2.6888   0.3586  -2.2513   0.3448   0.2568  -2.2343    0.472  -0.9289  -1.0525   0.8749    0.772   0.7997  -0.7305  -2.6539   0.0281  -0.9022
 8 A  -0.7915  -0.0771   1.5299  -1.1428  -2.6587  -0.3573  -1.5559  -0.3105   1.1194    0.396  -0.2548   0.1145  -1.0403  -2.6018   -2.658   1.1187   0.8677  -3.0138  -2.4543   0.4957
 9 A  -0.6288  -1.6084   -1.647  -0.6374  -2.6432  -0.7848  -0.5857  -2.8231  -2.6499   0.7713   0.8207   0.7567   0.9728  -1.6331   2.0448    0.762  -1.0484  -3.0655  -2.5681  -0.0739
