            A        R        N        D        C        Q        E        G        H        I        L        K        M        F        P        S        T        W        Y        V
 1 A  -2.2961   0.5055   -1.102  -0.9749  -2.8382   0.7156  -1.1768   -2.176   0.5093    -0.36   0.9749   0.4637  -0.3947  -0.5999  -2.8943   0.5418   -0.107   2.8804   1.0051  -0.4621
 2 A  -1.8184  -0.3035   0.3424  -2.5895  -2.7566   0.1357  -0.0248  -0.5996   -2.532   1.6847  -1.0711   0.9871  -0.9341   1.3967  -2.9218  -2.3383  -0.8054  -2.6429  -1.1574   0.9785
 3 A    1.282  -0.1196   0.8732  -1.2958  -2.5861   1.3247  -2.1945  -1.5278  -2.4597    0.294   1.1115  -0.6305  -0.9009  -0.4616   0.2317  -1.1029  -0.2823  -2.9217  -2.4325  -1.1863
 4 A  -0.8957  -1.7331   0.1789  -0.4175  -2.6348  -0.4479  -0.4054  -1.3439   0.6955   0.5826   1.0962  -0.1231   0.0411  -2.2703   0.8795  -2.3078  -0.5257  -2.9637   -1.399   1.2823
 5 A  -0.6517  -1.7057   0.9942   -2.473  -2.7598  -1.3687  -1.2916   1.2035   0.7375    0.548   0.4285  -0.1132   0.9325  -0.3752  -2.8331   0.3487  -0.5233  -2.5293   1.1039  -1.2786
 6 A  -1.6538   0.2388   1.5727  -2.2805  -1.2489  -2.0516  -2.2383   -1.547  -1.2074  -0.3928   0.1863   0.4718   0.5086  -1.7589   1.2473   0.8793   1.4573   -3.073   -2.602   -0.172
 7 A   0.0952   -0.845   1.4994  -1.6355  -2.7413  -0.8083  -2.2674   0.8388  -1.2284  -1.0745  -0.2318   0.0768  -2.2638  -2.8583   2.0862   0.7804  -2.0108  -3.2323  -2.7752   0.4232
 8 A   0.4544  -1.1236  -1.6299   -0.033  -2.6015  -2.1623  -1.6389  -2.7627   0.1928  -0.1286   1.4834   1.1285   -1.612  -0.1577  -1.6457    0.559  -0.7651   -2.743  -0.3388  -0.1037
 9 A  -0.1979  -0.6534   -0.841  -1.9898  -1.1849  -1.4877  -1.0132  -2.2309  -2.6997   1.6281   0.7611  -1.0369   0.9942   0.4058  -1.0851   0.0382  -0.7647  -2.6524  -0.0057   0.8859
