            A        R        N        D        C        Q        E        G        H        I        L        K        M        F        P        S        T        W        Y        V
 1 A  -0.6719   0.8524   -0.732  -2.7248   -2.727   0.1779  -2.2519  -0.7765    0.941   0.6169  -0.1717   1.0206   1.2706   -0.987  -2.8096   -0.912  -0.2884  -2.5346   1.1171   0.8824
 2 A  -1.1465  -0.7796   1.3573  -1.1559  -1.2922   1.5375   0.3372  -1.2589  -0.0687   0.5643   0.7894  -0.2055  -1.8056   0.5152  -2.8023  -0.0478  -0.2811  -2.6533   0.0095  -1.2518
 3 A   0.7946  -1.1224  -2.3679  -1.8482   -2.552  -2.1324  -1.6727     0.42   -2.619  -1.2198   0.9801   0.9986   0.7667  -2.3962  -0.2396   0.5069   1.0195   1.1381  -1.4253  -0.7953
 4 A  -1.1312  -0.3751  -2.8462  -1.5013  -2.5373  -1.4783  -2.7076  -0.8324  -2.6632   1.3808   1.3748  -0.1371   1.5768  -1.2736  -3.0003   -0.523  -2.1744  -2.5697   0.8163   0.8913
 5 A  -0.9177   0.4401   2.7275  -0.9718  -2.9831   0.6044  -1.0388   -0.876   -2.026   0.4914  -0.8724   1.1166  -2.2654  -0.8692  -1.0049  -0.7406   0.1079  -3.0665  -2.5786   -2.275
 6 A  -0.4956   0.7562   0.0393  -1.7871  -2.8255   0.1831  -1.5547  -2.7859    0.518  -1.2731  -0.0657   1.0273  -0.4796   0.5061   1.6172  -0.3969   0.0812  -2.6309    0.675    0.359
 7 A    0.562  -2.4215   0.9143  -0.1436  -2.6499  -0.1106   -1.608   0.6106   1.1012   0.1447    0.544  -0.9411   0.2661  -1.1688   0.0191   0.6091   0.3923  -2.9646  -2.4213  -1.6255
 8 A  -1.3822  -2.4506   -1.755  -2.7597  -1.2193  -0.1402  -0.2205  -0.1007  -2.6371   1.0121   0.8332   0.3038  -0.3366   0.0612   0.5939  -1.2707   0.3696  -2.6824   0.2406   0.9135
 9 A   0.1953   0.1987   0.0281  -0.1924  -1.2058  -0.1258  -2.2999  -1.2427  -2.5149   0.9813   0.2498  -0.6551  -0.4052  -1.0835   0.7588   0.9296  -1.9838  -2.8605  -0.0583   0.7624
