            A        R        N        D        C        Q        E        G        H        I        L        K        M        F        P        S        T        W        Y        V
 1 A  -0.5685  -1.2997  -1.1498   -1.459  -0.8732  -1.1599  -1.3559   0.4395  -1.3243   0.7903   0.9475  -1.1966   0.1804   0.9983  -1.3896  -0.6957   0.5306  -0.9218  -0.3041   0.6663
 2 A  -0.8241    0.579  -1.3594  -1.6781  -1.2036  -0.7813  -1.1177  -1.5271  -1.0074   0.0286  -0.2276  -0.7172   1.0467  -0.2089  -1.7437  -1.0582  -0.7244   4.1913   0.1956   0.7937
 3 A   0.9721  -0.5059  -0.7699  -1.0463  -0.8719   -0.429  -0.5785  -0.7684  -0.2526  -0.4308    -0.72   0.4697  -0.5358   0.0326  -0.8952   0.5597  -0.2906  -0.3015    1.945   0.2794
 4 A     0.43  -0.8486   0.7357  -0.8498  -0.7605  -0.5553  -0.8069  -0.8949  -0.8133   0.1121     0.57  -0.7198    1.809  -0.5753  -1.1014   0.4817  -0.2149  -1.2217  -0.8231   0.4968
 5 A   0.5293  -0.2755  -0.4129  -0.7745  -1.2572  -0.3565  -0.5735   2.2105  -0.8873  -1.6154  -1.5834   1.1012  -1.1868  -1.6502  -0.9298    -0.17  -0.6885  -1.4463  -1.3964  -1.3052
 6 A  -0.4585  -0.8378   0.7847  -0.4618  -1.1406   -0.388   0.5585  -1.0881   -0.413   0.3915  -0.5971  -0.5729  -0.5146  -0.4008   1.2673   0.4198  -0.3142  -0.8334   1.1105   0.3775
 7 A  -0.6809   0.7648  -1.1166  -1.3429  -1.0525   -0.506  -0.7997    -1.53  -1.0954   0.1401   1.1669    0.541   0.1778  -0.5853   1.2348  -0.8507  -0.6187   -1.335   -0.893   0.4323
 8 A   0.4645  -0.2993  -0.3668  -0.4074  -1.1037   1.6595   0.8864  -0.8127  -0.1867  -1.1223  -1.0849  -0.0703  -0.6409  -0.6006  -0.8018   0.6797   0.6912  -0.7218   1.1282   -0.793
 9 A  -0.4368   0.0617   0.9195  -0.4684  -1.1261   1.0373  -0.0964   -0.931  -0.5617   -0.506  -0.8672   1.2186  -0.5508  -1.3277  -0.8418   0.0129   1.2521  -1.4196   -0.981    0.203
