            A        R        N        D        C        Q        E        G        H        I        L        K        M        F        P        S        T        W        Y        V
 1 A  -0.3282  -0.3753  -0.7657  -1.0053  -0.8922   0.8953  -0.4106  -1.2215  -0.8821   0.7625  -0.0351   0.5272   1.1415  -0.7779  -1.0803   0.3667  -0.2267  -1.3067  -0.8282   1.0154
 2 A  -0.9107  -1.3093  -1.7664  -1.9576  -0.9824  -1.2548  -1.5017  -1.7667  -1.3675   0.3654    1.515  -1.3967   0.4099    0.028  -1.7887  -1.3484  -0.8079   3.6264  -0.0272   0.5437
 3 A  -0.5893   0.1286   0.8576  -0.5173  -1.3073   1.6558   0.0484  -1.0546   -0.455   0.3644   -0.605   1.2509  -0.3687  -1.2189  -0.9932  -0.3674  -0.4125  -1.4196  -0.9188   0.3487
 4 A  -0.8014    0.789   2.3859   -0.025   -1.333  -0.2318  -0.4519  -0.6949   -0.235  -0.9188  -0.0823  -0.1617  -0.5968  -1.1348  -1.1065  -0.0211   0.6614  -1.4697  -1.0604  -0.9023
 5 A   0.2301  -0.2984   0.7866  -0.7274  -1.3442   0.9124  -0.3223  -0.9367   0.0201  -0.9794   -0.844   0.5572  -0.6192   1.1859  -1.0984  -0.3447  -0.6121  -0.1182   2.0453  -0.8739
 6 A  -0.4372  -0.7608  -0.7132  -0.7382   -0.948  -0.2756   0.5307  -1.1894  -0.7171  -0.1827   0.1284   -0.589   2.2237   0.9517  -1.1065   0.4759   0.6589  -0.8258  -0.2361  -0.2646
 7 A   -0.396   0.8583  -0.5415  -0.8443  -1.3611   0.9406  -0.3304   1.3099  -0.7465  -0.8028  -1.1088   0.7109  -0.8035  -1.5187   1.2718  -0.4226  -0.6165  -1.5094  -1.1843  -0.0119
 8 A  -0.2822  -0.9044  -0.6657  -1.0323  -0.8255  -0.6204  -0.8297  -1.0987  -0.6063   0.5174   0.4734  -0.7531   1.1561  -0.1017  -1.0507   0.9925   0.7488  -0.6423   1.1522   -0.014
 9 A    0.465   0.9803  -0.5673  -0.8771  -0.9795  -0.0426   -0.324  -0.8733  -0.7288  -0.3565  -0.4676   1.2442   0.9996  -1.0759   -0.876   0.5305  -0.2518  -1.3386  -0.9297   0.2668
