            A        R        N        D        C        Q        E        G        H        I        L        K        M        F        P        S        T        W        Y        V
 1 A  -0.4287  -0.7857   1.9295  -0.2297  -1.2706  -0.5602  -0.6669    1.273  -0.4683  -1.3009  -1.2781  -0.6057  -1.0102   0.6181  -1.0968   0.6032   0.5928  -1.1807  -0.5981  -1.1621
 2 A  -0.7001  -0.9748   -1.389   -1.575  -0.8963   0.6153  -0.9372   -1.698    -1.12   0.4812   1.2619  -0.9469   1.2928   0.9452  -1.4994  -1.0214   -0.605  -0.9099  -0.2726   0.9533
 3 A  -0.8741   0.4786  -1.1589   -1.511  -1.3235  -0.8654  -1.0847  -1.3867  -0.9214  -0.5014   0.6252  -0.7616   -0.179   0.9985  -1.6813   0.0724  -0.7467   4.0318   0.3536  -0.6952
 4 A   0.3308   0.9591   -0.495   -0.767  -1.2752   1.5781  -0.0099   0.5006  -0.5675  -0.7919  -1.0204   1.2327  -0.6411  -1.5024  -0.9299   -0.265  -0.5141  -1.4202  -1.0383   0.0074
 5 A   0.4542  -0.8555   0.7264   -0.733  -0.7561  -0.6169  -0.7257   -0.803  -0.9019  -0.1121    0.634  -0.6864  -0.1145  -0.7767  -0.9682   1.0125   0.7197  -1.3691  -0.9487   0.3557
 6 A   0.2856  -0.2082  -0.7325  -0.9961  -1.2256   0.8401  -0.3707   0.4642  -0.4725  -0.5781  -0.7572   1.0323  -0.5642    0.858   -1.065  -0.4194  -0.6183  -0.6133   1.1568   0.0818
 7 A  -0.6788  -1.0234   -1.193  -0.9422  -1.1478  -0.5465   0.3762  -1.4814  -1.0365   0.4147   0.4371  -0.7228   1.6816  -0.7744   2.4822  -0.7533  -0.6375  -1.4869  -0.9953   -0.194
 8 A   0.8647   0.7861  -0.6191  -0.8454  -1.0204   0.8982  -0.2442   -0.763  -0.7076  -0.8898  -0.0884   0.6659  -0.4913  -1.2574   1.1825   0.5329   -0.341  -1.4767  -1.0292  -0.7142
 9 A   0.3783  -0.5675  -0.7909  -1.1022  -0.8522  -0.4788  -0.7022  -1.0313  -0.6645  -0.1021   0.3118   0.3641   1.0402  -0.2879  -1.0068   0.4611   0.6084   -0.754   1.0275   0.3672
