            A        R        N        D        C        Q        E        G        H        I        L        K        M        F        P        S        T        W        Y        V
 1 A   -0.517  -0.5631  -0.6129  -0.9871     -1.0   0.9539  -0.4043  -1.2204   1.6375  -0.0776   1.2497  -0.5198   0.2804  -0.4303  -1.1636   0.3833  -0.4285   -1.101  -0.3799  -0.3098
 2 A  -0.5111   0.9718    1.001  -0.5437  -1.2329  -0.1996  -0.4819   0.7394  -0.6207    0.203  -0.7725   0.7747  -0.6101  -1.2002  -1.0034  -0.1596   0.6819  -1.3917  -1.0844  -0.4093
 3 A  -0.7441   0.8028    1.628  -0.5237  -1.0921  -0.4719  -0.7474  -1.0871  -0.5976   0.6805   0.4348  -0.3373  -0.0818  -0.7225  -1.2909   -0.499  -0.3932  -1.3655  -0.9113   0.5931
 4 A  -1.0783  -0.8237  -1.1375  -1.4351   -1.633   0.8314  -0.6745  -1.4643  -0.0127  -0.9169  -0.6925  -0.8123   -0.536   1.5115   -1.677  -0.9924  -1.0026   3.8804   2.3562  -0.9798
 5 A  -0.3511  -0.0097  -0.4494  -0.7881  -1.0589  -0.1199  -0.3455  -0.9684  -0.6761  -0.5715  -0.3734   1.2505   1.0947   0.9773  -0.8869   0.6273   0.7688  -0.8869  -0.2083   -0.564
 6 A   0.5693  -0.4473   1.0176  -0.4807  -1.2044  -0.4048  -0.5856   2.0461  -0.6747  -1.5811   -1.577   0.5935  -1.1884  -1.5808  -0.9396  -0.0551  -0.5614  -1.4548  -1.3492  -1.2577
 7 A  -0.3238  -0.8776   0.9971  -0.5898  -1.3067  -0.5976    -0.77   1.5208  -0.0042  -1.3407  -1.2911  -0.6868  -0.9895   0.1019  -1.1143   0.5599  -0.4477  -0.1655   2.0758  -1.1919
 8 A  -0.5726   0.7138  -1.2978  -1.5753   -0.801   -0.691  -1.1119  -1.6811  -1.1999   1.0655   0.8122  -0.5726   1.3674   -0.395   -1.402  -0.9421  -0.4459  -1.1826  -0.7498    1.235
 9 A  -0.3605   0.0451  -0.4655  -0.4097  -1.2662   0.1065     0.86  -0.9941  -0.6494  -0.8546   0.0508    1.315  -0.4655  -1.1885   1.4808   0.5487  -0.3299   -1.478  -1.0234   -0.857
