            A        R        N        D        C        Q        E        G        H        I        L        K        M        F        P        S        T        W        Y        V
 1 A  -0.6528  -0.9454  -1.2079  -1.7208  -0.4483  -0.7681  -1.0325  -1.3953   -0.009   0.1891   0.4358  -0.6752  -0.1046   2.0946  -0.9102  -0.8487  -0.5159   1.8679   1.5782  -0.0891
 2 A  -0.6405  -0.1464   0.5207  -0.3011   0.3569   0.6186  -0.2741   -0.737   0.7987  -0.1534  -0.1365   0.5855   0.2014  -0.0211  -0.1023   0.1798  -0.2911    0.229   -0.166    0.115
 3 A  -0.2338   0.1022  -0.3448  -1.2075  -0.6584  -0.2632  -0.4975   0.3328   -0.012   0.1256   0.3418   0.2988   0.0622  -0.4642   -0.334   0.3319   0.1015   0.8466   0.1251   0.0236
 4 A  -0.0712  -0.5696   -0.821   -1.002  -1.1761     0.07  -0.9122  -0.8821  -0.4547   0.5735   1.1087  -0.8602   1.6607   0.4061  -0.9894  -0.2808  -0.3977  -1.2373   -0.213   0.1537
 5 A   0.0542   0.5059  -0.0931  -0.6474  -0.4423   0.0824  -0.1389  -0.2544  -0.4575  -0.0528   0.1347   0.6937  -0.2437    -0.15  -0.2562  -0.1336  -0.2273  -1.3203   0.2755    0.213
 6 A   0.5225  -0.1543   1.1056  -0.3575  -1.2819  -0.2483  -0.0659   0.2207   0.3862  -0.7386  -0.6788  -0.3833  -0.9325   -0.204  -0.3879   1.2096   0.1547  -1.4999   -0.405  -0.5708
 7 A  -0.0913   0.0726  -0.3796  -0.3459  -1.3777  -0.3994   -0.092  -1.0896  -0.4781  -0.0905   0.1024  -0.5691  -0.0154  -0.0617   2.0288   0.1451  -0.0889   0.5932  -0.5064  -0.1027
 8 A  -0.1912    0.449  -0.0201   -0.201  -0.4308   0.4582   0.0473  -0.7122   0.4371  -0.5699   -0.387   0.7843  -0.7887  -0.1844  -0.0878   0.4057   0.6207  -0.3795   0.3895  -0.4992
 9 A  -0.0615  -0.2241  -0.3964  -0.7038   0.0988   0.2793  -0.1895  -0.6187   0.3116   0.0899   0.6646  -0.0528   0.5884  -0.3146  -0.2252  -0.0866   0.0732  -0.1727  -0.5171   0.2402
