            A        R        N        D        C        Q        E        G        H        I        L        K        M        F        P        S        T        W        Y        V
 1 A  -0.6379  -0.2346  -0.3675  -1.0149  -0.5433  -0.2897  -0.5652  -1.2129  -0.0451  -0.3319  -0.0195    -0.33   0.1105   1.7195   0.2715  -0.6594  -0.6074   1.6244    1.873  -0.4215
 2 A   -0.758  -0.7779  -0.2883  -0.4761  -0.4794   0.2471    -0.34  -1.0994  -0.2206   0.5697   0.6951  -0.2923    0.162   1.1055  -1.6164   -0.536  -0.5243   0.3365   0.4864   0.5392
 3 A  -0.3329   0.1827   0.8816   -0.476  -0.4625  -0.0194    0.002  -0.0449    0.427  -0.0198  -0.3528   0.5703  -0.2078  -0.4343  -0.5967   0.3155  -0.2943    1.214  -0.1583  -0.1953
 4 A   0.1031  -0.3052  -0.3878  -0.6895  -0.1066  -0.1275  -0.4407  -0.5704   0.0906    0.167   0.7075   0.0644   0.3813  -0.2321  -0.3999   0.2059   0.2843   0.0471  -0.6224   0.0595
 5 A  -0.4926  -0.8913  -0.1746  -1.5804   -0.212  -0.4697  -1.0661  -0.8618  -1.3379   0.9495   1.1278  -1.0099   0.8723   0.3335  -1.1618  -0.6155  -0.4934  -0.0275    -0.04   0.7453
 6 A   0.3254   0.5378  -0.4082  -0.3281  -1.3984   0.4884     0.36  -0.4654  -0.2029  -0.6851  -0.6948   0.7755  -0.5005  -0.7681   0.4323   0.4886   0.6335  -0.1384   -0.149  -0.4958
 7 A   0.4146  -0.0636   1.1159  -0.5584  -0.1013  -0.3335  -0.3939   0.1639   -0.382  -1.0007   -1.077  -0.1482  -0.1078  -1.0716   1.2935   0.9873   0.0671    0.072  -0.7431    -0.56
 8 A   -0.211   0.5667  -0.6865  -0.0218  -1.4844  -0.0768   0.3229  -0.4483   0.5447  -0.1726   0.2725    0.527  -0.0103   0.0832   0.2501  -0.2831  -0.2341  -0.2365  -0.1313  -0.2336
 9 A  -0.2431   0.1037   0.0443  -0.7639  -0.2502   0.2869  -0.4461  -0.7032   -0.119     0.16   0.0943   0.0234   0.4031   0.2732   0.4053    0.234   0.3182  -1.3356   0.0361   0.1533
