            A        R        N        D        C        Q        E        G        H        I        L        K        M        F        P        S        T        W        Y        V
 1 A  -0.5372  -0.8528  -0.6646    -1.65   0.3471  -0.6971  -0.9455  -1.3024  -0.0258   0.2605    0.721  -0.5562   0.2037   1.6806  -1.1179  -0.9228  -0.6769   2.3648   0.4102   0.2255
 2 A  -0.4911  -0.1899   0.4766  -0.4738   0.2156   0.6884  -0.4832  -0.4382   0.4208   0.1998   0.1379   0.5214   0.6816  -0.3836  -0.7267  -0.1268  -0.4374   0.5048  -0.1674   0.1613
 3 A  -0.1311   0.0394  -0.5183  -0.9049  -1.3453  -0.2974  -0.3666  -0.1929  -0.4925    0.068   0.3522  -0.2848   0.1004   0.3893  -0.4813   0.1398  -0.0478   1.0333   1.3113   0.0659
 4 A  -0.2442  -0.9582  -1.0127  -1.2891  -0.3949  -0.3826  -0.8609  -1.2208  -0.6938   0.6762   1.1821  -0.9878   1.5478   0.2695   -0.493  -0.3819   -0.322  -1.2105   0.1324   0.4325
 5 A   0.0613   0.1971  -0.2104  -0.4242   0.0319   0.2929   0.4219   0.0675   0.0766  -0.0244  -0.3941   0.7715   -0.769  -0.4876   0.0478   0.1306  -0.0548  -1.4777  -0.1887  -0.1553
 6 A   0.5711  -0.2828   1.3107   0.1357  -0.6898  -0.3808  -0.1842   0.1603  -0.0771  -1.0167  -0.9866  -0.2791  -1.0546  -0.7117  -0.6083   1.3705   0.4805  -1.5971  -0.5479  -0.9628
 7 A  -0.2282   0.2885  -0.4178  -0.5166  -1.3847   0.0565  -0.3622  -0.9531  -0.1588   0.0177    0.526  -0.0019   0.0051   0.0701   1.6159  -0.2944  -0.5046  -1.4909  -0.4103   0.1143
 8 A  -0.0886   0.3992  -0.2991  -0.5414   0.0094  -0.0316  -0.0871  -0.2178  -0.0337  -0.3168  -0.5082   1.0834  -0.4987  -0.2321   0.0213   0.2222   0.4565    0.292  -0.2205   -0.154
 9 A  -0.3517   0.2096  -0.3502  -0.9182   -0.241   0.1442  -0.5232  -0.5653   0.0407   0.0649   0.5533   0.2798   0.4187   0.0192   0.1868  -0.1439  -0.0171   0.4833   -0.296   0.2448
