            A        R        N        D        C        Q        E        G        H        I        L        K        M        F        P        S        T        W        Y        V
 1 A  -0.6174  -0.5602  -0.8169  -1.6476  -0.8157  -0.7385  -0.8768  -1.5014  -0.3986   0.2125   0.5406  -1.0468   0.1728   1.8081  -0.6755  -0.5389  -0.5167   0.4647   1.7435   0.3933
 2 A  -0.7066  -0.2868   0.2052  -0.6682   0.7916    0.494  -0.5866  -0.8583  -0.0872   0.4046   0.5082   0.1729   0.0163   0.6307  -1.5494  -0.6092  -0.3256   0.4594   0.1413   0.3799
 3 A  -0.3786   0.5336  -0.2904  -0.5874  -0.6911   0.7709   0.2949   -0.347     0.72  -0.3804   -0.524   0.9835   0.1068  -0.7472  -0.1403   0.1086  -0.4337    1.207   0.5652  -0.4987
 4 A   0.4829  -0.7172  -0.0703  -0.4353   -0.437   -0.329  -0.5316   0.0821   0.0455   -0.075   0.2211  -0.1754   0.6723  -0.1266   0.0659   0.3627   0.2729   0.3247  -0.5265   -0.153
 5 A  -0.7766   -0.328  -0.7736   -1.534  -0.2044     0.36  -0.5962  -1.2595   -0.733   0.7373   0.9982  -0.4768   0.9179   0.7583  -0.4601  -0.8264   -0.493   -0.256   0.0919   0.4771
 6 A   0.6033    0.136   0.8539  -0.3959  -1.3139  -0.5145   -0.029  -0.1672  -0.8972  -0.9532  -0.9293   0.5908  -0.5867  -1.0281   0.8273    1.002   0.3128  -0.1459  -0.6002  -0.6148
 7 A   0.2316    0.201    0.761  -0.6421  -0.7447   0.0252  -0.4193  -0.2901   0.0562  -0.5559    -0.14  -0.2062  -0.1221  -0.8396   0.0267   1.0212   0.5031   0.6708  -0.3918  -0.3659
 8 A  -0.1901   0.3733  -0.4339  -0.5099   -0.742   0.0152   0.0356  -0.4327  -0.2287  -0.4248  -0.0411   0.5825   0.0894   0.0732   1.3231  -0.0366   0.3231  -1.3974   0.0381  -0.5361
 9 A  -0.4515  -0.1474  -0.5548  -0.9602  -0.0486  -0.1991  -0.6586  -0.8401    0.102   0.5348   0.8208  -0.3996   0.4779   0.4596  -1.0146  -0.2513  -0.2498   0.2927   0.1352   0.5298
