            A        R        N        D        C        Q        E        G        H        I        L        K        M        F        P        S        T        W        Y        V
 1 A  -2.5498  -1.1378   1.2663  -1.0065  -0.9803  -1.2152  -0.8305  -0.5908  -0.1063  -1.6232   0.6755   0.6614  -1.8367   0.7564  -1.1607   1.0118  -0.0059   1.5106    1.385  -1.0386
 2 A  -0.4799  -0.2317  -3.2298  -0.8859  -3.5345  -0.1136  -0.4165  -1.4532   0.0653   0.7984  -0.2526    0.951   0.5795   1.4035  -3.6094  -0.2646   0.3257  -1.3791   0.9855   0.1725
 3 A  -1.1714   0.3633  -0.1057  -2.8037   0.1238  -3.2086  -2.6777  -3.7767   0.2191   0.4203   0.7835  -0.9539   0.6047   1.6283  -3.7734   0.6053  -1.9099  -3.2673  -0.1286   1.1962
 4 A  -0.3977   0.4942  -0.1928  -1.2592  -3.6454   1.5459  -2.8165  -0.6062   0.8863   0.4121   0.5614   1.4722   0.1299  -1.5778  -1.4865  -2.0393  -3.0284   1.1869  -0.1981  -0.0417
 5 A   0.9878  -0.6464   0.2449  -3.2236  -2.0432  -1.2256  -0.4235   0.4325  -0.9883  -0.6457   0.6495  -0.6204  -1.2549  -1.6047  -3.4185   1.2945   0.6251  -3.6394  -0.4261   0.0898
 6 A   0.5442  -3.3345   1.0561  -1.7655  -3.3321   -0.304  -0.5676  -3.4948  -2.1057   0.5497   1.3399  -2.1391   0.6045  -1.8802   0.4434   0.6288  -0.4372   0.2313  -1.2227   0.0683
 7 A  -1.5154   1.2211   0.7871  -2.4616  -0.3521   1.3987   -0.147  -0.0739   0.8908  -2.2976   -0.055    0.895   0.4102  -1.3957   1.2428  -1.9387    0.243   0.5287  -3.1895  -1.2324
 8 A   0.8891   0.2331   0.1598  -3.1966  -2.0693  -2.8995  -2.0136   0.4387  -2.0703  -0.7114  -1.2742   0.1736  -3.0392   0.1638   0.9415   1.6622   0.5674  -3.7194  -1.6345  -0.0698
 9 A  -0.3636   -0.645  -3.2152  -1.5219  -3.3987  -1.2453  -0.8569  -0.6025   0.6418   0.8851   1.1502   0.1502   0.5994  -0.3523   0.2366   1.3083  -1.5577  -3.6406  -2.1509  -0.4698
