            A        R        N        D        C        Q        E        G        H        I        L        K        M        F        P        S        T        W        Y        V
 1 A  -1.5467   0.3139   0.6998  -1.8195  -3.5476   0.1563  -1.4657  -3.7747  -3.0883   0.7779   0.5896   0.3696  -0.7934   1.2013  -3.7478  -0.9217  -0.6059   1.2101   1.2726   0.6768
 2 A  -1.6908  -1.5717   0.3389  -2.0828  -0.0967   0.5201  -0.3931  -0.0006   0.5509  -0.5772   0.1226   1.1997   0.4304   0.5496  -0.2914   0.2588  -0.1112  -0.1029   1.3247  -1.0198
 3 A  -0.1982  -0.9579   1.1277  -0.6695    0.459  -0.6707  -0.8246  -0.1332   0.3906  -0.4291   0.1687   0.1626  -1.2769  -0.5261  -0.6512   0.5328   0.6209   -0.672  -1.2023   0.6076
 4 A   0.1727  -2.6956  -2.7157  -2.3477  -3.2905  -0.0161  -1.8511  -3.8652  -2.1893   0.5479   2.0097  -1.9051   0.0527   1.2504  -3.7965  -0.6508  -0.6088  -3.2981  -0.5393   0.1673
 5 A  -1.8514    1.324   0.8508  -2.5418   0.1218  -0.2632  -2.0118  -2.4225   0.0656   1.0176  -0.9475  -1.6302   1.2763  -0.6899   0.2431   1.7065  -0.8539   0.5364  -3.1289  -0.0897
 6 A   1.0789   1.1897  -2.2729  -1.7471  -0.3269   0.2113  -1.3254  -0.2796   1.3363  -3.3434   -1.066   1.5442  -0.6072  -0.0312  -2.4119   0.2184   0.3377   1.0058  -1.1465  -1.3821
 7 A    0.361  -0.6614   0.8405   -2.543  -3.4146  -2.9999  -0.0113   0.2617  -0.3685   0.5276   0.8454  -1.5053   0.1375  -0.4922   0.0002   0.7926  -0.5754   -3.569  -0.2104  -0.4022
 8 A  -0.8846    0.053  -2.4168   -0.722  -3.4468   0.6917  -1.4277  -0.8389   1.0777   0.0879   0.4771    -1.26   1.1207  -0.3401   0.5415  -0.4646   1.1324  -3.4742    0.264   0.6685
 9 A   0.7315   1.0981   0.7318  -2.0256  -3.4971  -2.6511  -1.6065  -0.6542   -3.133  -0.5171  -0.4706   1.4217  -3.0043  -1.1398   0.4649   1.1589   0.8037  -0.6857  -2.2816  -1.9499
