            A        R        N        D        C        Q        E        G        H        I        L        K        M        F        P        S        T        W        Y        V
 1 A  -0.7662   0.3191   0.7272  -0.1779  -2.1553   0.6105  -1.3732  -2.0897   0.2799   0.3881  -0.3671  -0.4704  -2.8436   0.7072  -1.4725   1.3543  -0.5722  -3.0254   2.0815  -1.6587
 2 A  -0.6963  -0.0333  -0.2243  -2.2597  -0.3212   0.2747  -2.5597   -3.051   0.2371  -0.4655   1.3468   0.4268    0.173   1.4159   -3.772  -0.9348  -1.6486   1.2084   0.6474   0.1703
 3 A  -2.6453     0.08  -0.6551  -1.3025  -0.9641  -2.9791  -3.1903  -2.5784   0.0628   0.9675   0.0772   1.3665   0.3083   1.0487  -3.6982  -1.7605   0.6028   1.7687   0.9104   0.5007
 4 A  -1.1597  -0.0084   1.1753  -3.1376  -3.6033   0.7063   -0.283   0.5691   0.0722  -0.9013   0.9171   0.6788   0.1308   0.3699  -1.9071  -0.0556  -0.4588  -3.5637  -1.5699  -0.5502
 5 A   1.1445  -1.2031  -0.3487  -2.7283  -0.0546  -1.2689  -2.1147  -1.0644  -0.1648  -0.8895   1.2638  -0.6481   1.0424  -3.0768  -1.4702   0.7922  -1.2804   -0.151  -3.2363   0.9772
 6 A  -0.5412   0.0433  -3.1936  -3.4818  -2.0931   0.0216  -1.0376   0.3077   0.9878   1.1281   0.8246  -2.0758   0.1485  -0.7745  -0.6642   1.2778  -1.5713  -3.3315   1.1161  -1.1698
 7 A   0.1431   0.9942   1.3223  -0.8007  -2.1313   0.0652  -1.5926  -3.2863  -1.3637  -1.6925  -1.8453   0.3453   1.0887  -0.7299   1.6806   1.1918   0.2001  -3.7951  -1.2366  -0.2317
 8 A   0.3091  -0.4606   0.9696  -2.0216  -2.1222  -0.4366  -0.2788  -0.2857  -0.1195  -0.2133   0.1112   0.7296  -2.8598   0.4483   0.2507    0.899   0.4203   -3.517  -0.0248  -1.4768
 9 A  -0.3538  -0.4966   0.8526  -0.1706   0.4609    0.171  -0.5196  -2.0728  -0.1389  -0.0895  -0.3018  -1.0579  -1.2922  -3.3437   0.4551   0.8994   1.1867   1.3487  -1.6415   0.6963
