            A        R        N        D        C        Q        E        G        H        I        L        K        M        F        P        S        T        W        Y        V
 1 A  -2.0073  -0.0167   0.2229  -3.5244  -3.6073  -2.1532  -1.7585  -1.6758  -2.9877    1.163   0.2559   1.2645   -0.041   1.6105  -3.7072  -0.9183  -0.0218  -2.9343   1.8942  -0.8966
 2 A  -3.0411   0.1401  -1.5705  -1.2904   0.4502   -0.488  -1.4738   -0.241   0.6688  -1.0203   0.5019  -0.1906  -1.2308   2.0263  -1.9493   0.6178  -0.1186   -2.984   1.3522  -0.2789
 3 A  -0.1385   0.5651    0.724  -1.1994  -3.6028  -0.4065  -0.3749  -1.3963    0.889   0.2337   0.1181   1.5658  -2.7934  -3.3228  -3.4934   0.3341  -0.9029   2.0702   -3.078   0.2027
 4 A   0.7631  -3.3915  -0.3476  -1.5328  -1.3646  -0.9741  -1.4967    -0.94  -1.0119   0.2311   1.1412  -1.8371   1.7655   0.3951  -0.8864   0.6345   0.1855  -3.4868  -0.8473  -0.0589
 5 A  -1.2007   0.6652   0.5593  -2.6706  -3.5723     1.59  -2.4049   -2.193  -1.4044   0.7258   1.1746   0.2554   0.1612  -1.8841   1.2423  -3.0897  -1.9633    -0.14  -0.0446  -0.0777
 6 A   0.0189   0.7429    0.262  -1.7225  -3.5382  -0.0733  -1.9116  -0.9154  -0.1047  -1.9023    0.061   1.2503   0.4236  -1.9242   0.1387   1.2593   0.1068  -3.4353    1.106  -0.6758
 7 A   1.1175  -3.2789   1.2257  -1.1798  -2.0584  -1.6195  -0.4131   0.3378    -0.14  -0.6779   0.3632  -2.0772  -1.8781  -0.8953   0.7998    1.118   0.2792  -3.8095  -3.3039  -0.3587
 8 A  -0.7692   0.7711  -0.3303  -1.4844  -0.9506  -2.0893  -0.0013  -0.8341  -0.3832   -0.068    0.506   -0.068   1.1158  -0.3757   1.2461  -0.8629   0.9457  -3.7192  -3.1884   0.4347
 9 A   0.2664   0.5345   0.8531  -1.7058  -3.3902   1.1528  -1.3682  -2.7646   -3.128   0.5221  -0.9683  -0.8513  -0.5519   0.5923   -3.449   1.6337   0.1249  -3.5944  -1.5656    0.576
