            A        R        N        D        C        Q        E        G        H        I        L        K        M        F        P        S        T        W        Y        V
 1 A  -0.8696  -1.2447  -1.3028  -1.5013  -1.2772  -1.0577  -1.1777   -1.598   -0.089   0.5223  -0.2316  -1.0982  -0.2968   1.6301   1.5808   -0.974  -0.8071   0.2136   2.4092  -0.1466
 2 A  -0.8493   1.7151  -0.4695   0.9728  -1.2824  -0.2332  -0.3181  -1.3728  -0.7377   0.5441   0.4776   0.0932  -0.0915  -0.7723  -1.2249  -0.6907  -0.6264  -1.3107  -0.9588  -0.1341
 3 A   0.5305    0.044  -0.3958  -0.7235  -1.1064   1.2613   0.0201  -0.8032   1.8778  -0.7351  -0.4747   0.8782    1.197  -0.9596  -0.8604  -0.1757  -0.4782  -1.1289   -0.337  -0.6444
 4 A     1.64  -0.9867  -0.8038  -0.9229  -0.6522  -0.6575  -0.6698   1.1078  -0.9877   -1.075  -1.1393   -0.587  -0.9029  -1.4345   1.6942   0.1862  -0.3532  -1.5365  -1.1812   -0.591
 5 A  -0.5365  -0.9279  -0.8268  -1.2325  -0.8044   -0.747  -0.9862  -1.3728  -0.5712   0.0532   1.0536  -0.8597   0.2206   0.1804  -1.0861  -0.2149   1.4411  -0.3785   1.4679  -0.0488
 6 A  -0.3178  -1.1099  -0.8609  -1.2014  -0.7531  -0.8144  -1.1207   0.8229  -1.2169   0.9063   0.1383  -0.9255   1.3245  -0.5952  -1.1668   -0.371   0.8182  -1.1932  -0.8799   0.8556
 7 A  -0.2028  -0.3798   1.9751   0.0515  -1.1556  -0.0942  -0.1822  -0.4078   1.9338  -1.5283  -1.5309  -0.2586  -0.9662  -1.2287  -0.8248   1.3437    0.072  -1.3785  -0.4823  -1.2946
 8 A  -0.7313  -0.8694  -1.0957   -1.161  -1.1203   0.9415  -0.5917  -1.4725  -0.8704    1.155  -0.0035  -0.6565  -0.0556   1.1996   1.5968   -0.813  -0.5944  -0.9162  -0.0798   0.2681
 9 A   1.2191  -1.0343  -0.9498  -1.1391  -0.4859  -0.7575  -0.8534   -0.704  -1.2169   0.8356  -0.1491  -0.7666  -0.1331  -0.7898  -0.8333   0.0588   0.9044  -1.3209  -0.8784   0.8972
