            A        R        N        D        C        Q        E        G        H        I        L        K        M        F        P        S        T        W        Y        V
 1 A  -0.6362  -0.7172  -0.9339   -1.003  -1.2981   1.0156  -0.3999  -1.3286  -0.3429   0.3644   -0.587  -0.4543  -0.4814   -0.236   2.5114  -0.6227  -0.6024  -0.6415   1.4275  -0.2977
 2 A  -0.8171  -1.3879  -0.9327   0.9041  -0.9009  -1.0942  -0.8242  -1.6234  -1.3468   1.6973   0.8849  -1.1524   0.3266  -0.3279  -1.3839  -1.0227  -0.5493  -1.3005  -0.8586   0.7228
 3 A  -0.7869   1.8231  -0.3603  -0.8436  -1.4859   1.2802  -0.0529   -1.263    1.892  -0.7966   0.2456   0.3626  -0.2126  -0.9139  -1.1394   -0.542  -0.6867  -1.1244  -0.3561  -0.8652
 4 A   1.1488  -1.0417  -1.2397  -1.2714  -0.6522  -0.8158  -0.8877  -0.7634   -1.163  -0.0984   0.9957  -0.7919   0.0981  -0.6169   1.6508  -0.2297  -0.4415  -1.3468  -0.9016  -0.1269
 5 A   1.1256  -0.8526   0.9715  -0.7541  -0.6742  -0.6464  -0.7717  -0.5958  -0.7882  -0.1123   0.9893  -0.6948   0.1071  -0.5731  -0.9635  -0.0944  -0.3505  -1.2508  -0.8586   -0.143
 6 A  -0.4291  -0.3422    1.173  -0.3721  -0.9579    1.165  -0.1699  -0.8526  -0.4247  -0.5204  -0.3984  -0.2035   1.2077  -0.9842  -0.8729   0.1734    1.509  -1.2169   -0.848  -0.4099
 7 A  -0.1777   -0.876  -0.5377  -0.7008  -1.0281  -0.5791  -0.5411  -0.8722  -0.9695  -1.1949  -1.3101  -0.4875  -1.0259  -1.6073   3.0775   0.7684   0.9089  -1.8931  -1.2235   -0.937
 8 A  -0.3332  -0.7891   1.1067  -0.5268  -0.8157  -0.5662  -0.7032  -0.8822  -0.7514   0.6392   0.5111  -0.6306  -0.0215  -0.6522   -0.985    0.733   0.9475  -1.2955  -0.8799   0.0665
 9 A  -0.7355  -1.3547  -1.5832  -1.5909  -0.8461  -1.2039  -1.3805  -1.7355  -1.4695   1.3844    1.263   -1.171   0.4397  -0.2685   1.5838   -1.111  -0.5928  -1.2955   -0.808   0.5491
