            A        R        N        D        C        Q        E        G        H        I        L        K        M        F        P        S        T        W        Y        V
 1 A  -0.8812  -0.6776   0.6682  -1.9402  -2.3633   0.5575  -1.5043  -2.2437  -1.6466  -1.5761   0.7513   1.9116  -0.3919    1.315   0.0886  -1.0176  -0.2158   -1.882   0.6935  -1.2164
 2 A   0.4407  -2.2007  -2.1349  -2.3039  -1.9861  -1.9291   -0.768   -2.242  -1.9163   0.7372    0.059  -2.0437    1.728   1.9463  -0.3922   1.0458  -1.4905  -1.6907     0.77   0.1131
 3 A   0.9227   0.5079  -1.0051  -2.0689  -2.0071  -1.5856  -0.6408  -0.5445   0.5317   0.7983  -1.2154  -0.2897  -1.4734  -1.6897  -2.1394   0.7252   0.1421   1.8593   0.6249   0.7431
 4 A   0.5037  -2.0539  -0.4497  -1.2078   0.1854  -1.7941  -1.8716  -0.8483   -1.878   -0.981  -0.4055  -1.8808   1.5288   1.6488  -2.1542   1.8986  -0.3556   0.1639   0.0567  -0.0275
 5 A   0.9083    0.072  -2.0148  -2.1684   0.1624   1.7221  -1.5816  -0.9371   -1.985  -0.3204     0.14  -0.9605  -0.4305  -2.0575   1.9593  -1.4459  -0.1703  -2.4908  -0.8723   0.7049
 6 A   0.3503   0.4034   1.2115  -1.5919  -2.2201   0.2787  -0.8681   0.2276  -1.7115  -1.5213  -1.3269   0.8984  -1.9097  -2.4826   1.4808   1.2364   0.3897    0.018  -2.1615  -1.4156
 7 A    0.337  -1.0058  -1.7385  -1.9268  -2.1461   1.3277  -0.9175  -0.5408     0.07  -1.2401   0.0451  -0.2555  -1.5967  -2.1713   2.4095   0.8695   0.3583   0.0327  -0.8402  -0.5727
 8 A  -1.1402  -1.8866   0.4098  -2.1486  -1.9738  -1.8059  -1.2376  -1.5735  -0.7128    1.205   1.0736   0.3039  -0.2019  -0.4026  -1.0508   0.1437   0.3499  -2.3289  -1.7965   1.0206
 9 A     0.32  -1.8005   1.4393  -1.0264  -0.5502  -0.7351  -1.0522  -0.5175   0.8761   0.4098   -0.143  -0.3373  -0.4575  -1.9918  -0.9669   0.6092   0.8875   0.0436  -1.8793   0.4817
