            A        R        N        D        C        Q        E        G        H        I        L        K        M        F        P        S        T        W        Y        V
 1 A  -0.3584   0.9861   1.0989  -0.5731  -0.9537   -0.311  -0.5614  -0.9254  -0.6051  -0.0467   0.4006  -0.1637  -0.1273  -0.7908  -1.0745    0.615  -0.1448  -1.3209  -0.8861   0.4673
 2 A  -0.2246   -0.281   1.2419   0.0553  -1.3353   1.2772   1.0572   0.9975  -0.2337  -1.6171  -1.5263  -0.0223  -0.9517  -1.5546  -0.8345   0.7894  -0.2039  -1.4055  -1.0896  -1.3027
 3 A  -0.5136  -0.3228  -0.5011  -0.0104  -1.6108    1.341   1.6706   -1.122  -0.3946  -1.5861  -1.4691   0.0525  -1.0107   -1.784   2.5368  -0.2766  -0.5569  -1.6674  -1.1183  -1.3018
 4 A  -0.6515  -1.0031   0.9938  -0.7683  -0.8403  -0.8186  -1.0139  -1.2237  -0.9436   1.2824   0.7319  -0.8664   0.1909  -0.4577  -1.2042  -0.3789    0.828  -1.2606   -0.833   0.4742
 5 A  -0.8363   0.8686  -1.2216  -1.5397   -1.039  -0.7002  -1.1014  -1.7319  -0.5231    1.268   0.7615  -0.4842   0.2215   0.1988  -1.4219  -1.0361  -0.6468  -0.4137     1.47   0.4197
 6 A  -0.9316   1.7417  -0.5841  -1.1402   -1.433  -0.1824  -0.5643  -1.4069    1.857  -0.5645   0.3907   0.0776  -0.1544   1.2094  -1.3485  -0.7668  -0.8265  -0.7004   0.2338  -0.7395
 7 A   1.1301  -0.4226   -0.987  -1.1239  -0.8365   -0.463  -0.6014  -0.6726  -0.9181   0.4317  -0.4815   0.6557  -0.3973  -0.6344  -0.9462  -0.1826  -0.4472   3.0816  -0.2924  -0.0628
 8 A   1.2712  -0.8489  -0.4564  -0.7947  -0.5914  -0.5512  -0.6533   1.0606  -0.9898  -0.7932   -0.947  -0.5528  -0.6879  -1.2488  -0.6577    0.402   1.5066   -1.326   -1.086  -0.3753
 9 A  -0.4083  -1.0749  -1.0095   -1.138  -0.8713  -0.8522  -0.9089  -1.3043  -1.2779   0.0679   0.4361  -0.8039   -0.152  -0.8593   2.5168  -0.3729   0.8066  -1.5666  -0.9983   0.5524
