            A        R        N        D        C        Q        E        G        H        I        L        K        M        F        P        S        T        W        Y        V
 1 A  -1.1969  -0.0507  -1.1222  -0.5804   1.2048   2.5955   -0.543  -1.7582  -0.9883  -1.5795   -0.597   1.5729    1.306  -1.5178  -1.6386   0.2151  -1.1369  -1.6666   0.7865  -1.5219
 2 A   0.6349  -1.5709   -1.705  -1.9125  -1.5187   0.2456  -1.4777  -1.8219  -0.0915   0.4693  -0.5808  -1.3984   2.9258  -1.1444   1.3202  -1.0579   0.5992  -1.6941   0.3721   0.2133
 3 A  -0.6432   2.5572  -1.1053  -0.6847  -0.0832  -0.7203  -1.0422  -1.7287    0.002  -0.9002  -1.6403   0.2875   -1.361  -1.8163  -1.7556   1.1841  -1.0226   2.0912  -1.3742   0.0829
 4 A  -0.3225  -0.6641  -0.0637  -1.8788   0.0603  -1.2759  -1.6429  -1.9586  -1.6029   0.1241   0.7803  -0.7298   2.9464  -1.0463  -1.8879  -0.5467    1.037  -1.7088  -0.2749   0.2381
 5 A   2.6084  -0.5977  -1.5031  -1.4289  -1.2992   0.3469   0.5871   -0.992  -1.3384  -1.6127  -1.6285  -1.0446  -1.3741  -0.6369  -1.3462  -0.0601  -0.9674  -1.7783   0.3413  -1.1186
 6 A   0.4806   -0.549  -0.3607  -0.0891  -1.5784  -1.0798  -0.5312  -1.5813   0.6146  -0.6963  -0.7929  -0.1448   1.3036   0.4048  -1.5868    0.133   2.1555   0.7039  -1.1225  -1.0623
 7 A  -0.7219   0.3082  -0.4169   0.6705  -2.1805   0.7482    0.871  -1.7412  -1.2657  -2.2191  -2.1798   -0.905  -1.8452  -2.0461    3.195  -0.1014  -1.2366  -2.2216   0.2475  -2.0013
 8 A  -0.2945  -0.8489  -1.8158  -0.3054  -1.4692  -1.6637  -1.7495  -0.5204   -2.044    0.849   1.4682  -1.6882  -0.4093  -1.1191  -0.5284   0.0463  -1.1122  -1.9753  -1.5522   1.3187
 9 A   0.2044  -1.3372   -0.726  -2.0052  -1.5463  -0.3646  -1.5388  -2.0127   0.5543  -0.0297   1.4533   0.6065   0.3095   0.1563   -1.936   -1.404  -1.2175  -1.7928  -1.1699   1.1541
