            A        R        N        D        C        Q        E        G        H        I        L        K        M        F        P        S        T        W        Y        V
 1 A   0.0414  -1.5438  -1.8209  -2.0083   0.0821   0.6131  -1.5269  -2.0058  -1.8795    1.254   0.3204  -0.2823   1.4252  -1.2561  -1.8957   0.0971  -0.9936  -1.9806  -1.5055   1.6256
 2 A  -0.8835   0.4164  -0.9836  -0.0127   1.2387  -0.7983   0.3556   -0.815   1.1089  -0.7946  -1.4094     0.76   1.2746  -1.8035  -1.5868   1.7851  -0.8289  -2.0618  -1.4973   -0.119
 3 A   1.6005   1.4898  -1.2826  -0.6685  -1.7627   1.8742  -0.7828  -1.4096  -1.1173  -1.7148  -1.0883   0.6712  -1.2639   0.3798  -1.5706  -0.7958  -1.1748  -1.6415   0.4173  -1.4269
 4 A  -0.0204  -1.4072    0.408  -0.6596  -1.6151  -1.1188  -0.1597  -1.7758   -1.441   0.7749  -0.1161  -0.2129   2.7222  -1.1524  -1.8132    0.212   0.6188    1.572  -0.2298  -0.6991
 5 A   0.7848   1.6224  -1.2363  -0.6843  -0.0675   1.0837  -0.9142  -1.6345     1.15  -0.4788  -1.6069   0.8512  -1.3319  -1.5524   0.7166  -0.4556  -1.2057  -1.7261   0.8082  -0.4361
 6 A   1.8096  -1.5168  -1.4386  -1.7129  -1.2904  -1.1778  -1.3666  -1.3047   0.5927  -0.8879  -0.5382  -1.3151   2.4695  -1.4728  -1.5295   0.8145   0.6803  -1.9128  -1.4268    0.123
 7 A   1.7103  -0.5779  -1.4884   -1.317   -1.567  -0.1386   1.1755  -1.3801  -1.4151  -1.3121  -0.3671  -0.5007  -1.2231  -1.5642   0.7369   0.3273  -1.0475   2.0964   -0.257  -0.0506
 8 A  -0.6772   0.6315  -1.2676  -0.5924   0.0035  -0.9276   0.7797  -1.9189   0.6004  -0.4427   0.5343  -0.0615   0.0714  -1.5266  -1.6839   -0.872   1.8584  -1.9641  -1.4922   0.2955
 9 A   1.0977  -1.5087  -0.4481   0.2747    -1.68  -1.2463  -1.1803  -1.4593   1.0976  -1.5098   0.0518   -0.643  -1.2607  -0.5658   2.2471    0.737  -0.4312   -1.892   0.3767  -1.4007
