            A        R        N        D        C        Q        E        G        H        I        L        K        M        F        P        S        T        W        Y        V
 1 A   -0.064  -0.5682  -1.0211  -1.4219  -1.4726  -1.0967  -1.2214  -1.4693   1.0807   0.4931   0.1909   -0.563   0.0345   -1.522  -1.5327   2.1423   1.1468  -1.9907  -1.4168  -0.9109
 2 A   0.6456   0.7567   0.2196   0.9307   0.7052   2.2862   0.5605  -0.7497  -1.0941  -1.9906  -1.3021   0.4397  -1.4265  -2.2251  -1.5518   0.3187  -1.0805  -2.1484  -1.7537  -1.7046
 3 A    1.784  -1.4692   -0.661  -1.8078   -1.371    0.679  -1.3257  -1.4194  -1.3972  -0.0681  -0.6507  -1.2815   2.9228  -1.1857   -1.654  -0.3498  -1.0242  -1.6552   0.3597   -0.064
 4 A  -0.8488   2.2489   0.5141   0.0052  -2.2128  -0.6167   0.8512  -1.8095   0.7197  -0.2098  -1.0861   0.2425  -0.1659  -1.6164  -1.8102  -0.1432  -1.2685   2.1006  -0.2071  -1.5255
 5 A  -0.0122  -1.2812  -1.8595  -2.0667  -1.4787   -1.213  -1.5747  -2.0486  -1.7873   0.8325   0.2678   0.8248   2.9473  -1.1503  -1.8979  -1.3344  -0.4575  -1.8529   -1.446   1.2212
 6 A   2.2521  -0.7096  -0.5798  -0.7532  -1.3836   -1.297  -1.3318  -0.5696    0.656  -0.7194  -1.4275  -1.3088  -1.2763   0.0957  -0.3404  -0.2167  -1.0486  -1.5188   1.1754   0.0267
 7 A  -0.2144  -1.5169  -0.4192  -1.5914   0.0111  -0.3531  -1.4451   0.7687  -0.0838  -0.7128  -0.6092  -0.7038  -1.1939   0.0745  -1.7117   0.3402   1.9658   2.1167   0.4522  -0.3225
 8 A   0.4336   0.8684  -1.6175  -1.7462  -1.8165   0.2879  -1.2478  -1.7919   -1.559  -0.7209   0.2865   0.2707  -1.1297  -1.7066   2.7934  -1.1171  -0.5437  -2.1524   -0.398  -0.3791
 9 A    0.645  -0.1483   -1.414   0.2026  -1.5109  -1.3175  -1.3776  -1.7101   0.5719  -0.7439   1.6869  -1.3617   0.2741  -1.1804  -1.7738   0.8614   0.0095  -1.9049  -1.4301    -0.89
