            A        R        N        D        C        Q        E        G        H        I        L        K        M        F        P        S        T        W        Y        V
 1 A   0.8495  -1.3439  -1.4816  -1.7328   1.2734   0.6654  -1.2995  -0.8325  -1.6514   0.5829   -0.623   0.1527   1.3366  -1.4992  -1.6875   0.7233   0.3856   1.5493   -1.449   0.3755
 2 A   0.1836   1.0751   0.2021   1.3138  -2.0036  -0.7787   1.2331   -0.871   0.6907  -0.5296  -1.6018  -0.8511   -0.198   0.3663  -1.6756  -0.8766   0.7999   -1.785  -0.1941   -1.439
 3 A   1.7322   1.2826  -1.1653  -1.3984  -1.5051  -0.8474  -0.0106   -1.237  -1.2237  -1.7272  -1.7311   0.0771  -1.4142  -1.5713  -1.4131   1.1754   0.9026  -1.7117   0.7664  -1.3148
 4 A  -0.3966   0.2794  -0.1004  -1.8068   1.2334  -1.3005  -0.7409   -1.983  -1.6146   0.5668   0.4393   0.1492   1.0329  -1.2849   1.7451  -1.3656  -1.2918   2.0958  -0.2494   -0.162
 5 A  -0.6696   -0.902  -0.9803   1.0766  -1.8816   1.7057  -0.6797  -1.6996   1.4685  -0.2733  -0.2324   0.9414   1.3211  -1.6756  -1.6692   0.6809  -1.0686  -2.0106  -1.3668  -0.0572
 6 A   1.8664  -1.6897  -0.6414  -1.8176  -1.3582   -1.418  -1.5181  -0.6961   0.5965   0.4089     0.41  -1.4807  -0.8556  -1.2141  -1.6453   0.2981  -1.0148   0.7097   0.3895   0.3933
 7 A   0.4795  -1.2929  -1.3904  -0.0179   0.7455  -0.9248   1.3285  -0.3814  -1.5449   0.3378  -0.8275   0.4579  -0.0661  -1.6003  -1.7088   0.2067  -1.1053   2.0893   -1.445   0.6514
 8 A  -0.3925    1.092  -0.5272   -1.698  -1.8816   0.7242  -0.5382  -1.0444   1.4967   0.1242   0.2047  -0.0315  -0.9215  -0.9452   -0.486  -1.2725  -0.5793  -1.3487   1.6713   0.4593
 9 A   1.7925  -1.6547  -1.5372  -1.7613  -1.4426  -1.3878   -1.426  -1.3443   1.0764  -0.6339  -0.0233  -1.4303  -1.0522   1.0115   1.0665   0.7566  -1.0165  -1.6609  -0.0357   -0.252
