            A        R        N        D        C        Q        E        G        H        I        L        K        M        F        P        S        T        W        Y        V
 1 A  -0.1363   0.6672  -0.6734  -1.1115  -0.6868  -0.4973  -2.0326  -1.3016   1.6163  -0.2806  -0.4339   0.9042   0.2091   0.1664  -0.3577   0.4562  -0.3987    2.016    1.444  -1.3867
 2 A  -2.3592   0.5934   0.5704  -2.2472   0.2237  -1.3099  -1.1073  -0.6841  -0.6806   0.7791   0.4507   0.7055   -1.802   1.7637   -3.812  -0.9852  -1.0111  -3.1651   1.0815  -0.2999
 3 A  -0.8869  -0.9286  -1.7748  -2.4392  -1.4791  -1.8545  -3.6879  -3.2181   0.3183   0.4138    1.177  -1.4609    0.561   2.4152  -4.0303  -1.2206  -2.5422   1.3165   0.7247   0.4925
 4 A  -0.2016  -1.1353  -0.2462  -0.1553  -1.4913    1.094   -1.974  -0.4616   0.0024  -1.2124   1.2692   1.3764    0.656  -3.1637  -0.7175  -0.1224  -1.1734  -3.6659  -0.1148  -0.3291
 5 A   0.4515  -3.3374   1.8898  -0.8457  -3.5519  -0.9913  -0.4739    0.852  -3.2083   0.5713  -3.2391   -2.539   0.8319  -2.6605   0.3888   0.8886   0.3638   2.0943  -3.3506  -0.6037
 6 A  -0.0716  -0.3359  -1.7391  -3.7824  -2.1241   -0.208  -1.3441  -1.5384  -2.1895    1.462   1.2375  -0.5902   0.9926  -0.0132   0.0488  -0.5734   -1.182  -3.4488   0.5426   0.1109
 7 A  -1.7277  -0.0086   1.3332  -1.5094   -0.668  -0.1807  -0.6109   0.0019  -1.0385  -1.3182    0.027  -0.5564  -0.1326   0.2204   0.5618   0.1213  -0.6409   0.1746  -0.9263   1.4312
 8 A   0.6801  -1.1995   0.6733  -1.7342  -2.1123  -2.8716   -0.868  -0.3326   0.1739  -2.2496  -0.6034   0.1865  -3.0578  -3.5379   0.4027   1.3833   1.9903  -3.8227  -0.7193  -0.1254
 9 A  -0.8204   0.6555  -0.5126  -0.5961   -3.645  -0.7072   0.2061  -3.5679   0.0005   0.0926   0.1837  -0.0334  -2.9028   0.2998   1.7308   1.1896   0.1232   1.1231  -1.2199  -1.2048
