            A        R        N        D        C        Q        E        G        H        I        L        K        M        F        P        S        T        W        Y        V
 1 A  -0.4478    0.559  -1.0459   -1.082  -1.0507   0.2614   0.0594  -1.3094   1.9369   0.4326  -0.0402   1.2538   -0.624  -1.6114  -1.2097   0.3272  -3.0434   1.8088   0.6535  -1.0639
 2 A  -0.6569  -0.5897   0.5626  -1.6152  -3.5977  -0.0658  -2.6899  -1.9703   -1.438  -0.1076   0.3515  -0.8699  -0.5643   2.2505  -2.0431  -1.1564  -0.4117   0.7686   1.4136   0.7235
 3 A   -1.854  -0.6062  -0.1764  -0.9895  -2.1783  -0.3968  -1.8974  -2.3146  -1.4921   0.1222   1.2778  -1.9446   1.2466   2.3542  -3.9776  -1.3984  -0.8474  -1.3813   0.5152    0.067
 4 A    0.198  -0.1393  -3.0929  -1.5484  -3.5066   0.4692  -1.9732  -1.1327   0.5964   0.3016   0.1703   1.6108   1.5718  -3.2882  -1.9177    1.119  -0.4888   -3.712  -0.6957  -0.1592
 5 A   0.4936  -0.5604   1.4987   -0.572  -0.6653  -0.3335  -0.3499   0.6502  -3.1775  -0.7565   0.0904  -0.9524  -0.1571  -1.1543   0.1833   0.3604   0.6183  -1.5658  -0.2962  -0.6179
 6 A  -1.0836  -0.4457   0.9427   -3.473  -0.1401  -0.0506  -1.8377  -0.9005  -2.1585   1.6614   0.9837  -0.4629  -0.5305  -1.0608  -1.2367   0.6111  -1.3714   0.1778  -0.2726  -0.2323
 7 A   0.1994   0.8034  -1.9725  -1.1198  -1.0058  -1.7037  -1.5168  -0.0593   0.1591  -0.3104  -1.8104  -3.0167  -0.1567   0.7842   1.6114   0.7831    0.619  -1.5552  -1.6099   0.9607
 8 A   0.1508  -1.2236   1.5059  -1.2125  -2.1334  -2.9083  -0.7229  -0.8308   0.3383  -0.5462  -0.8254  -0.9505  -1.9982  -1.1502  -1.1738   1.3812    2.013   0.1746  -0.1057  -0.5127
 9 A  -2.2704   0.0077  -1.6403  -1.1101  -3.6315  -0.1671  -0.0516  -3.0696   0.7053   -0.786   1.1657   0.5559  -1.2629  -0.4268    1.907   0.4403  -1.9904   0.9352  -2.1852   0.4074
