            A        R        N        D        C        Q        E        G        H        I        L        K        M        F        P        S        T        W        Y        V
 1 A  -0.7335    0.599  -0.6854  -0.4893  -2.2299   0.8834  -0.3396  -1.0244  -0.1506   0.7215  -0.3469   0.1909  -1.8899   0.5815  -3.6684   0.6154  -3.0124  -0.1395   2.1242  -0.3199
 2 A  -1.8137   0.3906   0.0541  -3.7169  -0.6674  -3.2111  -3.4562  -1.3593  -3.3318   0.3929   0.5711    0.539   1.0675   2.0857  -2.6683  -1.5689   0.4746  -3.1768   0.2652   0.3886
 3 A  -0.6325   0.5357  -0.5532  -1.8969  -0.6634  -0.1777  -1.2822  -2.2442  -0.0038  -0.0306   1.1552   0.6594  -2.5195   0.5615  -3.7139  -0.0543  -0.5209   0.1948   0.4515   0.6889
 4 A   0.0683  -1.0368   1.0125  -0.7389  -3.6312   1.1476  -1.2408   0.9827   0.7171   0.3853   0.1531  -1.5359   1.2906  -2.0269  -0.9537   0.2031  -1.3989   2.0062  -1.2455  -1.7074
 5 A   1.2242  -2.5803   -1.683   -2.282  -3.3118  -1.0212  -1.8145  -0.6423  -3.5754   0.7622   0.7128   0.4222   0.5373  -0.2925   0.1809   0.5749  -1.3494  -3.7567  -3.2479   0.7835
 6 A  -2.2679  -1.0778   0.7655   -3.524  -0.6554  -1.3596  -1.5771  -2.2509  -0.2137   1.2146   0.8298  -0.8649  -1.2119   0.4893   0.5575   0.5536  -0.6425  -0.1924   0.0753   0.8591
 7 A  -0.9278   0.2703   1.1666  -2.0741  -0.3935  -2.8268   -0.584  -0.0512   0.6022  -3.1664  -0.2742   0.8161  -0.3914  -0.0881    0.876   0.6436   1.0755   0.1725  -0.9309  -0.2966
 8 A  -0.3118  -0.5787   0.1094  -0.5872  -1.0119  -0.9915  -0.8852    0.731   0.1663   0.0109  -1.1192  -3.0311  -2.0473  -1.1998   1.7707   1.4328   1.2843  -3.9069  -1.7417   -0.831
 9 A  -0.7275   1.1507  -2.4891  -0.1668  -3.5619  -0.0098  -0.5836  -3.0409  -3.3672  -1.1595   1.2541   0.7727   0.4056  -1.6178  -1.9769   0.4461  -0.6506   2.0061  -2.2197   0.5526
