            A        R        N        D        C        Q        E        G        H        I        L        K        M        F        P        S        T        W        Y        V
 1 A  -0.6142   0.1887  -0.8354  -0.5903  -0.6816  -0.4802   0.5463  -0.6545   1.8342   1.1124  -0.2998   0.6192  -1.3479  -1.6544  -0.3515   0.9942  -2.9456  -0.2042    0.062  -1.0173
 2 A  -1.1284   0.2967   -0.753  -2.9306  -3.5943  -1.3899  -2.2768  -2.0072    0.336   0.4478    0.661  -2.2525  -1.2204   2.1655  -0.7628  -0.4775  -3.1533   0.2415   1.6691   0.7321
 3 A  -0.3698   0.3134  -1.6929  -3.7458  -0.1448   0.7854  -2.6549  -0.0811  -1.5071  -0.0421   1.0737  -0.6987   0.6662   1.6985  -3.7941   -1.544   0.5379  -0.6735   -0.371  -0.2922
 4 A  -0.0579   0.5201   -0.353  -1.2725  -3.7294   1.1107  -1.1532   0.3087   0.8305  -0.5579  -0.2525   1.9258    1.361    -0.96  -2.5037  -0.1955  -1.1755  -3.7114  -1.2671  -1.3979
 5 A   0.6172  -3.3825   1.8275  -1.0541  -1.4701   -3.119    -1.52  -0.1863   0.1819  -0.4191   0.8497  -3.2186  -0.6052  -3.0947  -0.0649   0.6401   0.2838   1.8057   0.3127  -0.9167
 6 A  -1.3662  -3.3466  -3.5623  -3.7215  -0.3661  -0.7795  -1.1333   -1.743  -3.5578   1.6264   1.2191   0.2189   1.4649   -1.261   0.2765   0.8931   -1.946  -0.2014   -0.272  -0.0714
 7 A  -0.6839   0.4535  -1.6229  -0.6384  -0.3683  -3.1188  -2.1404  -0.4643  -3.5507   0.0383  -0.1612  -0.3392  -0.5988  -0.1897   1.0038   1.0372   0.5005  -0.2191  -3.2555   1.4415
 8 A   0.4593  -0.4196   1.0735  -1.0488   -1.446  -0.7206  -1.7161  -1.2441  -0.4096  -0.9862  -0.5112  -0.6608  -2.9553  -0.9178  -3.4105   1.2498   2.0575  -3.5666   0.6285  -0.0426
 9 A  -0.5168    0.331    0.357  -1.5183  -2.2047  -0.3286  -0.8773   -1.659   -0.004  -1.4877   0.5168   0.1171  -0.1464  -0.4532   2.1833   0.9982   -0.639    1.431  -3.1649  -0.6335
