            A        R        N        D        C        Q        E        G        H        I        L        K        M        F        P        S        T        W        Y        V
 1 A    0.919  -0.7368   0.1032  -1.1933  -1.2776  -0.7515  -0.9352   0.9176  -0.8108  -0.2232   0.0461   0.8107  -0.6614   0.3255   -1.268  -0.5305  -0.8268   -0.951   1.1555  -0.7251
 2 A  -1.2456   0.0437  -1.4054   -1.653  -1.6577   0.8433  -0.9935  -1.7288  -0.8724   0.6307  -0.5096   -0.106   0.5722   1.4074  -1.8689   -1.239  -1.0989    3.844   0.9704  -0.5484
 3 A  -0.7894   1.3798  -1.3722  -1.6883  -1.1369  -0.7626  -1.1475  -1.8532  -1.3734   0.8686   0.4643   0.1006   0.7631  -0.8602  -1.5708  -1.0995  -0.6853  -1.5317  -1.0744   1.5858
 4 A   0.2659   0.7979    0.792  -1.0095   0.8341  -0.4761  -0.7323  -0.1371   1.4657  -0.7925   0.3292   0.9296  -0.5943   -1.204  -1.3062  -0.6051  -0.8011  -1.5664   -0.925  -0.2722
 5 A  -0.1679   1.5067  -0.6186    0.665  -1.6448   0.5314  -0.3602  -1.2014  -0.8261  -1.3337   -1.384   1.0543  -1.0349  -1.2563  -1.2932   0.4646  -0.7049   3.1054  -0.6994  -0.5247
 6 A   0.2794   1.3732    0.064  -1.3024   0.8738  -0.6536   -1.009  -1.3403  -1.0628   0.7076   0.0305  -0.4636   1.6432  -1.0291   0.3601  -0.0329  -0.6746  -1.5562  -1.1692  -0.3094
 7 A   0.5968   0.2123  -0.5847   0.0253  -1.5919  -0.4851   -0.599   0.4869   2.6413  -1.5164  -1.4067   0.5248  -1.0744    0.281  -1.2767   -0.574  -0.9963  -0.8865   1.3163  -1.3586
 8 A   0.3218   0.0782  -0.7745  -1.1999  -1.4108  -0.7172  -0.8959   0.8921   1.9391  -1.1325  -0.0747  -0.0253  -0.7849   0.1256   0.3786   0.0467  -0.0016   1.6539  -0.4551  -1.0993
 9 A  -0.7573   1.5807    0.268  -0.9815    2.184  -0.2113  -0.5343  -0.1755  -0.8924  -1.4962    -1.42   1.7271   -1.088  -1.7895  -1.1795  -0.4631   0.5706  -1.7225     -1.4  -1.2583
