            A        R        N        D        C        Q        E        G        H        I        L        K        M        F        P        S        T        W        Y        V
 1 A   0.7935    1.034  -0.7318  -1.0149  -1.2548   1.1837  -0.3455   0.0685  -0.8222  -0.9638   0.0905   1.1688  -0.5582   -1.352  -1.0485  -0.3135   0.1868  -1.5067  -1.1544  -0.8286
 2 A  -1.1671  -1.4489  -1.7318  -1.9816  -1.3634  -1.2934  -1.5679  -1.8064  -0.9733   0.2906   0.2981  -1.4977   1.7999   1.6451  -2.0041  -1.3712  -1.0378   3.7711   1.1502   0.1328
 3 A  -0.9425   2.2914  -0.9249  -1.3962   -1.531  -0.2587   -0.716  -1.6522  -0.5475  -0.5176   0.2223   0.5944  -0.4457  -0.5162  -1.4262  -0.8902  -0.8314  -0.8525   1.2902   0.3073
 4 A  -0.6725   1.0196   1.4533  -0.5438  -1.6278  -0.2249  -0.4358   0.0943   0.9724  -1.6309  -1.4991   1.1462    -1.12   0.0919   0.6013   0.6531  -0.5392  -1.4558  -0.7373  -1.4901
 5 A  -0.0958   2.4619   1.0574   0.3137  -1.6782  -0.0933  -0.3897   0.0537  -0.5393  -1.7953  -1.5592   0.2849  -1.1531  -1.7365  -1.2153    0.212  -0.6458  -1.6105  -1.3104   -1.481
 6 A   1.0812  -1.2828  -1.0685  -1.3839   1.1085  -0.9927  -1.1378   0.6653   1.5777    0.858  -0.0345  -1.0934  -0.4302  -0.9705  -1.2668  -0.5235  -0.7068  -1.4837  -0.8049   0.2967
 7 A  -0.1021   0.6663  -0.7046  -1.0262  -1.5076  -0.1651  -0.4114  -1.2588   1.6435   0.3042  -0.2693   1.8145  -0.6042  -1.2483     0.61  -0.6232  -0.7754  -1.5356  -0.7758  -0.6459
 8 A   1.0667  -0.5461  -0.7287   0.8222  -1.2072  -0.5299  -0.4536   0.1226  -1.0717  -0.9953   0.0396   1.0018  -0.7386  -1.4003   1.3882  -0.3432   -0.688  -1.7244  -1.3238  -0.8775
 9 A  -0.8316   1.0536   -0.736  -0.7882  -1.5762  -0.0815   0.8107  -1.3709  -0.7974  -0.2627  -0.8932    1.421   0.5508  -1.0843  -1.1878  -0.5112   0.6793   2.7789  -0.6736  -0.8238
