            A        R        N        D        C        Q        E        G        H        I        L        K        M        F        P        S        T        W        Y        V
 1 A   0.7765    1.299   0.3194  -0.9957  -1.3105   0.5611  -0.6045   0.6839  -0.6391  -0.2786  -0.9101   0.3845     0.54  -0.9784   -1.184  -0.3985  -0.7044  -1.1702   0.5074  -0.7628
 2 A   0.2394  -1.5067  -1.6895  -1.8985  -1.4157  -1.4093  -1.4728   -1.429  -0.9635  -0.0023  -0.6076  -1.4945  -0.6072   1.6255  -1.9058  -1.0926   -1.067    4.331    1.236  -0.0583
 3 A  -1.0517   1.6037  -1.1052  -1.4778  -1.5415   0.5026  -0.7684  -1.6515  -0.7337  -0.5388   0.5752   0.3541  -0.3211   0.5316  -1.5857  -1.0206  -0.9401   2.8123   0.8221   -0.136
 4 A   -0.643   0.2511   1.7055  -0.6544   1.0579  -0.6168  -0.8082  -1.0884  -0.8155   0.5462  -0.1295   0.1396   -0.509  -1.1198  -1.2964   0.5938  -0.3941  -1.6435  -1.1785    0.499
 5 A   0.3442   2.4896   0.3874  -0.9464  -1.5732   0.7612   -0.359   -1.144  -0.5758  -1.3678  -0.4846   0.7819  -0.7852   -1.539  -1.1969  -0.4615  -0.7292  -1.5211  -1.1744  -1.1584
 6 A   0.4554  -0.8873  -0.8939  -1.2222   1.0604  -0.7145    -0.86  -1.1037   1.6139   0.3347  -0.7176  -0.0084   0.5898  -0.8736   0.5612    0.561  -0.5967    2.778   -0.397   -0.526
 7 A  -0.8965   1.9459  -0.4743    0.202  -1.8212  -0.0946  -0.3418  -0.0695    1.673  -0.5085  -1.3212     1.26  -1.0007  -1.5522   0.5787   -0.652  -0.8822   -1.567  -0.8693   -1.213
 8 A   1.1212  -0.9705  -0.8808  -1.1315  -1.0766  -0.8007  -0.9112   1.1373  -1.0001  -0.2771  -1.1178   0.0311  -0.9442  -1.0562   1.3841  -0.1976   0.7197  -1.2882   0.4656  -0.6719
 9 A  -0.8855  -0.2124  -0.5684  -0.7212  -1.8374  -0.1257   0.8267   -0.049   2.1618  -1.6343  -1.5095   1.3389  -1.0814  -1.0215  -1.2533  -0.6019   0.0273   3.3406  -0.1535   -1.521
