            A        R        N        D        C        Q        E        G        H        I        L        K        M        F        P        S        T        W        Y        V
 1 A   1.0634   0.9766   0.3275  -0.9078  -1.2224   1.1573  -0.3901   0.1265  -0.7649  -0.2404  -0.3455   0.8258  -0.6543  -1.3975  -1.0695  -0.2972  -0.6246  -1.5503   -1.175  -0.6911
 2 A  -0.2656  -1.4154  -1.6703   -1.915  -1.3285   -1.243  -1.4749  -1.6261  -0.8072   0.2128   0.1695  -1.4179    1.352   1.3063  -1.8556  -1.1812  -0.9978    3.775   1.6201   0.0998
 3 A  -0.8528   1.2779  -1.1229  -1.2385  -1.3073   0.5275   0.1515  -1.6813  -1.0294   0.3674   0.6733   0.3072  -0.1732  -0.8036  -1.4633  -0.9577  -0.7544   1.8559     -0.8   0.8209
 4 A  -0.8794   0.5304   1.0077   0.2892   0.9938   -0.279   -0.424  -1.2256   1.6636  -0.1215   -0.334   1.3522  -0.6861  -1.2599  -1.2339  -0.6137  -0.7351  -1.5726  -0.8211  -0.1695
 5 A   0.4437    1.322    0.996   0.2956  -1.2808   0.6113  -0.3861  -0.9828  -0.6966  -0.7025  -0.8953   0.4253    0.557   -1.387  -1.1487   0.2389  -0.4899  -1.5895  -1.1721   0.2851
 6 A   1.0839  -1.2402   -1.136  -1.3808  -1.0425  -0.9922  -1.0964   0.1032  -1.1366  -0.0581  -0.1056  -1.0562   0.6433   0.4342  -1.3203   0.6056  -0.5839   3.3464  -0.2454  -0.5257
 7 A  -0.1438   1.7889  -0.3993    -0.89  -1.8051   0.0926  -0.2209  -1.1736   2.5422  -1.7125  -1.5076   1.7321  -1.0151   -1.512  -1.0966  -0.5247  -0.8625  -1.4318  -0.4869   -1.522
 8 A   1.3716  -0.8233  -0.6422   0.1915  -0.9329  -0.6213  -0.6147   0.2168  -0.8772  -0.9758  -0.4098   0.0974  -0.7578  -0.9495  -0.9271   0.8262   0.8241  -1.2177   0.4986  -0.6974
 9 A  -0.1763    1.368  -0.7479  -1.1794  -1.6993  -0.3049   -0.601  -0.0458   1.6553  -0.4428  -1.2001   1.1282  -0.9211  -0.9691  -1.3747  -0.7265   -0.953     3.34  -0.2575  -1.1068
