            A        R        N        D        C        Q        E        G        H        I        L        K        M        F        P        S        T        W        Y        V
 1 A  -1.0793  -0.8313   1.0414  -2.1196   0.9785  -0.9888  -0.2575  -2.4222  -0.0677    -1.01  -0.1168  -0.0983  -0.7089   1.6118  -2.5656   0.7084  -0.4218   2.1602   1.8064  -1.0805
 2 A  -1.1166   0.2447  -1.1912  -0.5255  -2.6891   0.9752   -0.357  -2.4972  -1.9694   0.4819  -0.9914   2.0581  -1.7548   0.5846  -2.4236  -1.2617  -0.1814   3.0954  -0.7348  -0.7348
 3 A   0.0905  -0.5467  -2.2817  -2.4645   -2.079  -1.9783  -0.6057   -1.273  -0.9685   1.4114  -0.2751  -0.9674   1.7875  -1.1443  -2.4608   0.5859   0.3303  -2.5108  -1.0137   1.4384
 4 A  -0.1414   0.5269   1.0549  -1.3167  -2.4865   1.8259  -1.0625  -1.1993  -0.1221  -0.8927   0.9322   0.7756  -0.0416  -0.7651  -0.1839  -0.8131  -1.8164   -2.525  -1.0023  -0.2926
 5 A  -0.4005   0.0349  -1.9281  -2.2287  -0.8035  -0.9735   -0.537   0.2218   0.2641  -0.1447   0.7543  -1.2912   0.3514  -0.0178  -2.3689   1.5292    0.649  -2.3284   0.0513  -0.2204
 6 A   0.9339  -2.2388  -1.3798  -2.5314  -2.1198  -2.0626  -2.2374  -0.5606   0.5722   0.1369   1.3591  -0.6607   1.1743  -0.2908   0.4193   0.4528  -1.1351  -2.4927  -1.9269   0.1755
 7 A  -1.9279   1.3449   1.4986  -1.8334  -2.6393   0.0573   0.0614  -0.1188  -1.9019  -0.5307  -0.6645   0.7946  -0.8107  -0.1581   1.4498   -1.603   0.7436  -2.6668  -2.1502  -0.5793
 8 A  -0.2338   1.0687  -1.7785   -1.975  -2.4831   0.8094   0.1118  -0.8078  -0.1503  -0.8254  -0.3536   1.2818  -1.8633  -1.5123   1.4623     1.07   0.3177  -2.7307   -2.222  -1.1323
 9 A   0.1051  -2.2358  -0.3306  -1.4177  -2.2047   -1.049  -0.8995  -0.5376   0.2514   0.9618   0.2878  -1.4108  -0.0469   0.7627   0.1551   1.6512  -1.0154  -2.3915  -0.8579    0.015
