            A        R        N        D        C        Q        E        G        H        I        L        K        M        F        P        S        T        W        Y        V
 1 A  -0.7693   0.6223    0.025  -1.2678  -2.7691   1.7597   -0.272  -0.5504   0.3272  -0.6118  -1.4374   2.0294  -0.2032   -2.423  -0.1627  -0.7842  -1.2267   2.6836  -1.8836   -1.216
 2 A   0.1826  -2.2436  -0.7762  -2.4293  -2.3439  -2.1105  -2.2055  -1.2241   1.1198   1.1031  -0.6143  -0.3864  -0.6433   1.8199   0.8389   0.7035  -0.4109   1.2187   0.2507  -0.5538
 3 A  -1.5039  -1.4256  -0.8532  -1.0371   -2.338   1.0516  -0.5584  -2.8638   0.6253   0.9711   0.8914  -1.4605  -1.2054   0.8516  -2.7048  -2.2009  -1.9183  -0.0714   1.4095   1.2864
 4 A   -0.259   0.8822   -0.351  -2.2645  -0.8384   -0.962  -1.3293  -0.5714  -2.2355   0.4389   0.4322   0.1658  -1.5582  -0.0909   1.4483   0.7252   0.1139  -2.6219  -2.0861    0.107
 5 A   0.4836   0.1358  -1.1213  -2.1593  -0.8263  -1.6436  -1.2359   0.5144   0.2594  -1.3715   0.1992   1.1497   0.2884  -0.4271  -0.5718   0.7748   1.1178  -2.5644   -2.068  -0.7466
 6 A  -1.2897  -0.4719   0.4313  -2.1444   0.3591  -0.9589  -0.5372   0.0548   0.6104  -1.5596   1.5453  -0.5681   0.9492  -1.1477  -2.4409   1.2974  -0.1022  -2.4697  -1.0013  -1.7106
 7 A  -0.2759   1.8175   0.6449  -1.2476  -2.5737  -1.3682  -0.1274  -2.2517  -1.8524   -0.169  -1.1078   1.2159   0.2295   -2.385   1.1917   0.9653  -0.6816   0.6353  -0.4597  -2.0322
 8 A  -0.0889   0.1102   -0.699  -0.5483  -2.3444  -0.3995  -1.2431  -0.1223   -2.133  -0.1521   0.2525   0.9499   0.6357   0.1859   0.4306   0.3287   0.2965  -2.4326  -0.3852   0.2205
 9 A  -0.1411  -0.7204   0.5894  -1.3025  -2.3973   0.9454   0.7008   -1.744  -2.0202   1.2709   0.7148   0.7327  -0.5299  -0.3207  -2.4398  -0.5474  -1.8004  -2.4398  -0.3954  -0.2878
