            A        R        N        D        C        Q        E        G        H        I        L        K        M        F        P        S        T        W        Y        V
 1 A  -1.2855  -0.0887   1.3975  -0.9916  -2.6651   0.9153   0.7172  -0.0058  -0.0022  -2.2542  -1.4576   1.9964  -1.9968  -0.4275  -0.4886   0.0954    -0.65  -2.5358  -0.9589  -0.3902
 2 A  -0.1809   0.6631  -1.9662  -1.4563  -2.1744  -0.9342  -1.9973  -1.1501   0.3363   0.5512  -0.0615   -0.793   0.9824   1.1274  -2.3774   1.1106   0.5586  -2.1528  -0.1758   0.4708
 3 A   0.2376  -0.3207  -2.2889  -1.5175   0.4409   0.8004  -0.7749   -2.547  -0.8433   0.3593    1.378   1.0059  -1.1323  -1.0458  -2.4488  -1.9145  -1.8164    1.264  -0.8883   0.6015
 4 A  -1.2816   1.7218  -0.6527   -2.281  -2.2897  -0.8302  -1.2522   -1.203   -2.065   0.7705   0.0178   0.1078  -1.4475  -1.1344  -2.4121   0.5207   0.5457   1.6515  -0.3114   0.8719
 5 A   0.7287  -0.3613  -1.2464  -2.3154  -2.1469  -1.7482  -1.2795  -2.3158  -0.1538   0.4146   0.6427   0.6565    1.561  -0.2751   1.1123  -0.3968   0.8278  -2.4777  -1.9282  -0.4693
 6 A  -1.0728  -2.0034   1.3326  -2.0298  -2.3546   0.0058   0.2447  -1.7292  -1.8953   0.1658   1.4206  -0.2703  -0.3944   0.8948  -0.1432  -1.2901  -1.1758  -2.0677   0.7434  -0.2992
 7 A   0.2092  -0.0858   -1.731  -0.7632  -0.7526   0.0635  -0.3607   0.0076  -0.7933  -0.7067  -0.1307  -0.1547  -1.7927  -2.4299   1.8688   1.6818   0.2346  -2.7614  -2.3007  -0.7168
 8 A  -0.1293  -0.2791  -1.0183  -2.0164  -2.2813   0.8354  -1.6245  -0.2004   0.3536  -1.3874   0.1464   0.8251   0.3479  -0.7793   1.4166   1.5431    0.222  -2.5946  -2.0342  -1.0283
 9 A   -0.342   0.8528   0.7208  -1.1661  -2.3387  -1.5283   0.1069   0.8198  -1.9469   0.4428  -1.2393   0.5797  -1.8015  -0.7758  -2.2411   1.1363  -0.0128  -2.5335  -1.0195   0.1218
