            A        R        N        D        C        Q        E        G        H        I        L        K        M        F        P        S        T        W        Y        V
 1 A  -0.8468   0.4413   1.1154  -2.0834  -2.6536  -1.6305  -0.0342  -0.9263  -0.0436  -1.0901   0.0434   0.9051   0.5512  -0.4458  -2.4972  -0.0989  -0.4922  -0.0451   2.5737  -1.1486
 2 A  -1.5215  -1.6405  -2.2251   -1.601   0.2675   0.6833  -1.9083  -2.6775  -2.2268   1.0601  -0.5023   1.8246  -1.5731   1.4157  -2.5505   -1.361   0.5352   2.2804  -0.7282   0.0918
 3 A  -1.1091  -2.2808  -1.4371  -0.3557  -2.3094   0.6452  -0.0847  -1.0293   0.1593   1.0822   0.6342  -1.0522   0.9038  -1.1652   -2.677  -2.0928  -0.2088   2.0549  -1.8987   1.4702
 4 A    0.507   1.2702  -0.3727   -2.242  -2.4253   0.4994  -1.2481  -0.8729   0.2241  -0.1045   0.1748    0.324   0.5719   0.3126    0.596   0.8966  -1.7514  -2.5534   -1.944  -0.7587
 5 A  -0.3468  -0.0122  -0.4288  -2.4314   -2.379  -1.0718  -1.4488   -0.657   0.5593  -0.5523   0.6462  -0.1451    0.612   1.2363   0.0726   0.3907   0.0314  -2.1498   0.6432   0.4153
 6 A   0.4279  -0.9984  -1.3149  -1.5823   0.6706  -2.1171  -2.2275  -0.5998   0.1763  -0.1527   1.2777  -2.1612  -0.5541   0.7192  -1.3205   1.7117  -1.6356  -2.4058  -0.9173   -0.428
 7 A  -0.9845     0.79   1.0311  -1.8247  -2.5642    0.764   0.0686  -0.8441  -1.9303  -0.6043  -1.1951   1.5175  -0.8765  -2.6752   0.8101   1.0266   0.5939  -2.8326  -2.4051  -0.4215
 8 A  -0.3107   1.4509  -1.1729  -2.1461  -2.5719   0.2768  -0.7943    0.164  -0.8575  -0.4272  -1.1987   0.7415  -0.9023  -0.9484   1.9808   0.4531   0.8262  -2.6798   -0.517  -2.1008
 9 A  -0.1573  -1.4086   0.1189  -1.5342  -2.2723  -2.0055  -0.9937  -0.6463  -2.3137   0.7626   1.2561    0.026   1.1164   0.1839  -0.7022   0.7679  -0.1682  -2.4596  -1.0068  -0.5427
