            A        R        N        D        C        Q        E        G        H        I        L        K        M        F        P        S        T        W        Y        V
 1 A  -0.7871   0.7807   1.5817  -0.4427  -1.3611  -0.1708  -0.4529   -0.988   2.3794  -0.4919  -0.5974  -0.2522   0.9578  -0.8939  -1.2272  -0.4071  -0.5311  -1.2283  -0.2697   0.0969
 2 A   0.2914  -1.1738  -1.4107  -1.4826  -0.7984  -0.8754  -1.1673  -1.3149  -1.2184   1.1305   0.7667  -0.9802   1.8614  -0.4274   1.2336  -0.6984  -0.5166  -1.2484  -0.8201   0.3594
 3 A   0.2904  -1.2061  -1.3552  -1.5085  -0.9409  -0.9719  -1.1266  -1.3292  -0.4599   0.6338    0.403  -1.0266  -0.0974   0.2251   1.2352  -0.7083  -0.5951   -0.305   1.9502   0.5791
 4 A  -0.5711  -0.4507  -0.7657  -0.4788  -1.3442  -0.0966   1.2337   0.4985  -0.7728  -0.4109   0.0861   0.5307  -0.4141  -0.7712  -1.1646  -0.5987  -0.6862   2.6654  -0.5412   0.1502
 5 A  -0.8334  -0.6138   2.6669   0.1388  -1.5616   -0.429  -0.5379   0.7585  -0.1175  -1.4525  -1.3714   -0.497  -1.1101   0.7345  -1.2283  -0.0717  -0.4044  -1.1859  -0.4943  -1.4172
 6 A   0.9395  -0.3693  -0.7253  -0.8935  -1.0015   0.8936  -0.3304   0.6786  -0.8108  -0.8266  -0.0132   0.5776  -0.4813   -1.229   1.3081  -0.1639   -0.514  -1.4618  -1.0772  -0.6801
 7 A   0.5622  -0.3942  -0.4797  -0.8081  -0.7655  -0.2941  -0.4788  -0.7419  -0.8397   -0.417   0.2821   0.5322   1.0798  -0.8424  -0.8083   1.1202   0.7949   -1.279  -0.9048   -0.363
 8 A  -0.8738  -0.4483  -0.4582    -0.65  -1.7247   1.0212   0.7463  -1.3519   2.4902  -1.2433  -1.0853  -0.3698  -0.7054   0.3955  -1.1869  -0.6303  -0.8924   0.1179    2.546  -1.1805
 9 A  -0.5196   0.9735  -0.4476    -0.84  -1.2484   -0.073  -0.3373  -1.1305   1.4999   0.7763  -0.5001   1.2258  -0.3753  -0.9693  -1.0008   0.3848   -0.402  -1.3208  -0.5785  -0.1528
