            A        R        N        D        C        Q        E        G        H        I        L        K        M        F        P        S        T        W        Y        V
 1 A  -1.0139  -1.4073  -1.5438  -1.7974  -1.1487  -1.3088  -1.5008  -1.8307  -0.3961   1.0598   0.6246   -1.395   0.1091   1.9447  -1.6713   -1.253  -0.8632   0.0929   2.1542   0.1903
 2 A   -0.607  -0.6122  -1.0618  -1.0761  -1.2554  -0.5617  -0.6819  -1.2891  -1.0492  -0.6212   0.1816   0.4582   0.9811  -1.1161   3.0383  -0.6263  -0.6315  -1.7311  -1.1216  -0.7286
 3 A  -0.2713   0.7338  -0.1653   0.9029  -1.0959   -0.092   0.7703  -0.8991  -0.6623   0.1003  -0.8584  -0.1225   -0.642  -1.2162  -0.8528   1.0873   0.7606  -1.4541  -1.0809   -0.453
 4 A  -0.9314  -0.9251   0.6919   -1.054  -1.0927  -0.7436  -1.0081  -1.3937    1.483   0.0591   1.2665   -0.979   1.2961    1.059  -1.4934  -0.8606   -0.725  -0.8059    0.011  -0.2362
 5 A   0.9183    1.473  -0.7981  -1.1147   2.7013  -0.2388  -0.5508  -0.8114  -0.8498  -1.0925  -1.0115   0.7563  -0.7806  -1.4583  -0.9488  -0.1813  -0.5012  -1.5094    -1.17  -0.7252
 6 A  -1.0059   0.8871   0.8913  -0.6901  -1.8125  -0.1371  -0.3828  -1.0598    2.373  -1.5681  -1.3542   0.6412  -0.9254  -0.6606  -1.3422  -0.5885  -0.8437   3.6228   0.2647  -1.5372
 7 A   -0.465  -0.9982  -0.9043  -0.8665  -0.9184  -0.5262   0.4311   0.4693  -1.0818   0.6994     0.53  -0.7752   1.1686  -0.6228  -1.1923  -0.4931   0.5754   -1.235  -0.9177    0.622
 8 A  -0.5601    0.963   0.9827  -0.4399  -1.4772    1.058  -0.1044   0.6241   1.5747   -1.451  -1.3719   0.7938  -0.8705   -1.438  -0.9681  -0.1253   0.5566  -1.3386  -0.6772  -1.2282
 9 A  -0.0799  -0.8121   0.9677  -0.4183  -1.0647  -0.5176  -0.5913   1.4062  -0.7218  -1.4231  -1.5064  -0.5241  -1.1006  -1.5165   1.3107   1.1456   0.7565  -1.5754  -1.2844  -1.1306
