            A        R        N        D        C        Q        E        G        H        I        L        K        M        F        P        S        T        W        Y        V
 1 A  -1.5114  -3.2681  -0.2056  -1.0651  -0.5982   0.8528  -1.2239  -2.1781  -0.6182   1.1736   0.3802  -0.5258   -0.796   1.3399  -2.5757   0.5642  -0.4521   1.6558   1.2176  -0.0582
 2 A  -2.2607   0.8922    0.912  -0.1744   0.5956   0.7943  -0.3878  -0.1492   0.0726   0.5183   0.6014   0.1909  -0.5294  -0.2363  -0.8893  -2.0066  -0.0137  -0.1393  -1.5945  -0.7217
 3 A   0.6363  -0.7899  -0.6553  -3.5834  -1.3894  -1.2581  -2.5671  -1.8565   1.0843   1.0105   0.5612   0.4903  -0.4877   0.8887  -3.6082  -0.3578  -0.1033  -3.2445   0.9086   0.2599
 4 A  -1.1782  -1.6997   0.0164  -3.4169  -3.4237   0.6057   0.4618  -3.8018  -1.4096  -0.6269    1.705  -0.9285    1.722  -0.1588  -2.5743   0.0002  -1.9297   0.5648   0.5121   0.3575
 5 A  -0.3457   0.0007   0.9748   -3.107  -0.3179  -2.0322  -0.9759  -0.2818  -3.1248  -0.5944  -0.3255   1.0963  -1.9352  -0.8809   1.4141   1.0769   0.6906  -0.1418  -0.0491  -0.6645
 6 A   1.0614  -0.6499  -0.0586  -2.0775  -3.3904   0.0344  -0.6699    0.224  -3.2422  -0.4776  -0.7299  -2.0258   0.9081   0.4419   1.6431   1.4017  -1.0495  -0.6649  -1.5926  -0.6449
 7 A  -1.3044   0.8051  -0.1665   0.1118  -3.5708   0.2089  -0.1455  -0.6998  -1.3975  -1.5103   1.0038   1.3899   1.1239  -2.4777     -3.5   0.3322  -0.7324  -3.7049  -1.6659   0.1464
 8 A  -2.1461   1.0422   0.4349  -2.5806  -0.9524  -2.8244  -3.0555  -0.4851    0.894   0.0513  -0.4125   0.6347   0.1164    0.204  -0.6472   0.7019   1.3076  -3.4751   0.1354   0.2132
 9 A  -0.0586  -0.4592   0.7189  -1.4756  -0.0736  -2.0987  -3.0489  -3.5075   1.2531   0.6352   0.6057   1.0463  -2.6377  -2.4723   1.0113   0.3343   -0.435  -3.7845  -1.6199   0.4945
