            A        R        N        D        C        Q        E        G        H        I        L        K        M        F        P        S        T        W        Y        V
 1 A  -1.3079  -1.3702  -0.4525  -2.6115  -3.6331  -0.2761  -0.8326  -0.1402    0.683  -0.4805  -0.2337   0.6124   -2.823   1.8938  -3.6139   1.1399   0.1776   1.6622   1.5314  -1.9371
 2 A   -1.007  -1.9226   0.6607    0.023   0.1202   -0.655  -0.9706  -0.2991   0.9908   0.4725  -0.0054   1.1627    -0.86   0.6703  -1.4681   0.4007  -0.3186  -3.5784  -1.5266   0.1589
 3 A  -0.3807  -0.8135  -1.0877  -3.6225  -1.3916  -0.1314  -0.3262  -1.6779  -2.0215   0.4835   0.9534  -0.2977   0.1758   0.3565  -3.7122  -0.9193  -0.5961  -0.0828   1.7092   1.2086
 4 A  -0.5758   0.1558   0.0292  -1.8224  -1.4148   1.7287   -2.424  -1.8896   0.0754   0.4524   0.6076  -1.2408   2.2064   0.9396  -1.9426  -0.6172  -1.9391  -0.6166   0.0154   0.0649
 5 A  -0.2886   0.0038   0.5795  -2.5148  -0.0837  -0.0834   0.0239  -1.4052  -0.9546  -0.1846   0.5599   1.1348  -1.8136  -0.1099   0.7221  -0.0423   0.4158   0.2489  -0.1956  -0.7393
 6 A   1.4748  -2.5599   1.4483  -1.1571  -0.9145  -2.1136   0.1004  -0.0223  -3.2023   0.1687   0.0768  -3.0233  -0.0812  -1.3494  -0.6287   1.4081  -1.2381  -0.6817  -3.3561  -0.7183
 7 A  -2.6094   1.3398  -1.9639   -2.702  -3.5745   0.7982  -0.8137  -3.0521  -3.2067  -0.8396   1.1562   0.6963   1.4487  -0.4778   0.7937  -0.7476    0.254   1.1989  -0.3792  -0.2517
 8 A   0.0406   0.4176  -0.2688  -1.6948  -1.4151  -2.7422  -1.6233   0.3375   0.2445  -1.1631  -2.6096   1.0607  -2.0182   0.3469   0.8829   1.4728   1.4259  -3.6767  -1.5928  -1.1988
 9 A  -0.5332  -2.0903   0.5041  -1.7593  -1.3847  -1.2506  -1.2256  -1.0757   1.3326   0.2773   1.0591  -2.1213  -0.0308  -3.0183   0.2475   1.2191   0.4992   0.2454  -0.3868   0.2379
