            A        R        N        D        C        Q        E        G        H        I        L        K        M        F        P        S        T        W        Y        V
 1 A  -0.9035   -1.478  -1.5996  -1.7359  -0.9417   -1.331  -1.5801  -1.7954  -1.1693   1.5783   0.5076  -1.4015   1.3541   1.8961  -1.6609  -1.2164  -0.6779  -0.5281   0.3192   0.6044
 2 A   1.0012  -0.4456   0.9876  -0.4617  -1.0644   1.0308  -0.1424  -0.5336   1.7022  -1.2856  -1.2654  -0.2531  -0.8365  -1.3786   1.4753   0.0202  -0.4102  -1.4502  -0.5778  -0.9247
 3 A  -0.2698   1.0429   1.1831   1.0749   -1.281   0.0474    0.049  -0.6077   -0.372  -1.5319  -1.4876   0.8814   -0.993  -1.5275  -0.7887   1.1925  -0.0577  -1.5354  -1.1285  -1.2764
 4 A  -0.3854  -0.8675  -0.6837  -0.6636  -1.0699  -0.3879   0.6043   0.6868  -0.7561  -0.3591   0.4515  -0.6515    1.179   1.0527  -1.1586   0.4452  -0.4436  -0.8349  -0.2298  -0.4982
 5 A  -0.1614   0.8404  -0.4415  -0.4858  -0.9468  -0.1019   0.7384  -0.9906  -0.7155   0.5129  -0.4898  -0.1145  -0.3641  -0.9944  -0.9225    1.084   -0.051  -1.3741  -0.9385   0.5217
 6 A  -0.0817  -0.3228  -0.3489  -0.7052  -0.9586  -0.2825  -0.3957  -0.7337   -0.728  -0.7743    0.094   0.6202  -0.3731  -0.6809  -0.8941   1.4948   0.0221   2.8539  -0.3978  -0.7575
 7 A   0.5948  -0.8986   -0.604  -0.9343  -0.6235   -0.645  -0.7659  -0.8376   -1.092   0.5692   0.4212  -0.6838  -0.0534  -0.7163   -0.843   0.7657   1.4158  -1.2772  -0.8959   0.1255
 8 A   0.5737    0.441  -0.2584  -0.5104  -1.1627   1.2508   0.1958  -0.6309  -0.4514  -1.3005  -1.2329   1.7903  -0.7181  -1.5808  -0.6354   0.7238  -0.2041  -1.4184  -0.9743  -0.9792
 9 A   0.7525  -0.5011  -0.2677  -0.5633  -0.7355   1.0141  -0.1631  -0.5268  -0.6337   0.2394  -0.7076  -0.2513  -0.4356  -1.1152  -0.7132   1.5811   0.1631  -1.3873  -0.9255  -0.2452
