            A        R        N        D        C        Q        E        G        H        I        L        K        M        F        P        S        T        W        Y        V
 1 A  -0.5974   -1.491  -1.6536  -1.8671   2.8977  -1.4193  -1.6281  -1.6309  -1.4804   0.2886   1.0205  -1.4898   0.1944   1.1166  -1.5468  -0.9985   -0.648  -0.9375  -0.2435   0.5997
 2 A   -0.749  -0.3024   0.9586  -0.2385  -1.4403   1.7437   0.9497  -1.0952  -0.2752   0.2454  -0.5555  -0.1112   -0.372   0.9399  -1.1216  -0.3899  -0.5258  -0.9439  -0.2076   -0.418
 3 A   1.0803   0.9952  -0.2222   0.9282  -0.9637  -0.0537  -0.0348   -0.499   -0.622  -1.2446  -1.2308    0.842  -0.8585   -1.471  -0.6995    0.767  -0.2061  -1.4827  -1.1019  -0.8484
 4 A  -0.5336  -0.9159   0.8837  -0.8042  -1.1394  -0.7056  -0.8328  -1.0777  -0.0203  -0.2887  -0.5224  -0.8289  -0.4439   1.4079  -1.2503   0.4398  -0.3604   0.0382   2.2115    0.283
 5 A  -0.2524  -0.3834   -0.299  -0.7549  -1.2065  -0.3269  -0.5232   1.5081   1.6324  -0.9433   0.0044   0.5761  -0.5221  -1.0103  -1.0034   0.5276  -0.4808   -1.257   -0.635   -0.991
 6 A  -0.2064  -0.9717   -0.828  -1.1446  -0.6826   -0.771  -0.9174  -1.1427   -1.158   0.3454   1.3282  -0.8648   0.3602  -0.3606  -1.1191   0.9869  -0.1021  -1.2057  -0.7858   0.6216
 7 A  -0.3066  -1.1721  -0.8117  -1.0868  -0.8087  -0.9408  -1.0106  -1.1519  -1.0706   1.4613   0.1029  -0.9511   0.0191   1.0921  -1.1737   0.9764  -0.1244  -0.9311  -0.1864   0.4734
 8 A  -0.5082   1.2943   -0.229  -0.5366  -1.4498   1.8561   0.3011  -0.9947  -0.3217  -1.2801   -1.161   1.5283  -0.6195  -1.6117  -0.7868  -0.0792   0.6904  -1.3397  -0.9281  -1.0163
 9 A   0.4781   0.0797   1.0267  -0.1568  -1.3219   0.1541   0.8749   0.8412  -0.4342   -1.471  -1.4306   1.3321  -1.0088   -1.585   -0.781   -0.031  -0.4571  -1.4594  -1.1496  -1.1507
