            A        R        N        D        C        Q        E        G        H        I        L        K        M        F        P        S        T        W        Y        V
 1 A  -0.7054  -0.3783   1.1765  -1.4663  -0.6685  -0.1438  -0.3279   -0.526  -1.3997  -0.1808  -0.0254   0.9567  -1.9186   1.3491  -3.5964   1.1303  -1.1358   1.1514   0.3676  -1.5435
 2 A  -0.9787  -3.0877  -3.3646  -2.2848  -1.4972   1.2181  -1.4858  -0.2174   1.3583   0.9788   0.2909   0.8084   0.9847   1.8928  -3.7832  -3.1844  -0.6821  -0.6366   0.5142   -1.399
 3 A  -0.6864    0.097  -2.0212  -3.4775   -3.372  -2.9242    0.341   -3.758  -0.1901  -1.5353   0.4802  -0.3228   1.9252  -2.2987  -1.9517   0.2796    0.955  -1.4889   0.8276   1.6363
 4 A   0.5928     0.94   0.7407  -1.7683  -0.3727  -0.4796  -1.0236  -0.9603   0.8464    0.099  -0.0293   0.2157  -0.3563  -0.4119   -0.504   1.2081   -1.908   0.4984   0.3369  -1.9461
 5 A  -1.7554  -1.2519    1.066  -1.2871  -1.4654    0.103  -1.0799  -1.1563   -1.485   0.6349    0.912  -1.1495   0.7822  -0.2693   1.5812  -0.4096   0.4327  -3.6876  -0.6717   0.0721
 6 A   0.9058  -1.1866   0.0028   -1.503  -2.1101  -0.0082  -0.8614  -0.9531  -2.1117   0.1245   0.5765   0.5132  -2.7442   0.5469  -0.4954   1.4428   0.2326  -3.6415  -1.6235  -1.2874
 7 A  -0.5833   0.4073  -0.5268  -2.2291  -2.1116   -0.736  -2.1182   -1.671  -3.4625   0.1735   1.0989  -0.1279  -1.7421  -2.4508   0.6633   1.2354   0.3046   1.4473  -2.2646   0.6647
 8 A  -0.1653   0.1945  -0.3479  -1.0759  -3.5249  -1.6284  -1.7302   0.6139   0.4752   0.2989  -0.6168   0.6271   0.3756  -0.3124   0.6685   0.6014   1.0895  -3.7811  -3.2358  -0.1611
 9 A  -1.1819  -0.1001   0.2748  -2.6596  -0.1254   0.4519  -0.1501  -0.2029  -3.3055  -0.5222   1.2101  -3.0862   0.4205  -0.1384  -0.5211   0.8769  -0.2484  -3.5532   -0.085   0.5304
