            A        R        N        D        C        Q        E        G        H        I        L        K        M        F        P        S        T        W        Y        V
 1 A  -0.8184  -1.3718  -1.6265  -1.8303  -0.8909  -1.3891  -1.5197  -1.7585  -1.1746    0.508    1.248  -1.4492   0.4278   2.0878  -1.6718  -1.2182  -0.7217  -0.3919   0.4907   0.7244
 2 A  -0.7289    1.184   1.9163    0.198  -1.6845   1.3714   1.1125  -0.7385   0.0113  -1.6513  -1.4669   0.3337   -0.919  -1.5833  -0.9489  -0.0608  -0.3795  -1.4219  -1.0067  -1.3787
 3 A   0.7344    0.993  -0.3718  -0.7474  -0.9069  -0.2387  -0.4045  -0.5439  -0.6145  -1.2332  -1.1393  -0.0834  -0.7621  -0.8439  -0.8591   1.2889  -0.0206   3.0809  -0.3234   -0.882
 4 A  -0.6101  -1.1255  -1.1072  -1.4586   -0.885  -0.9859  -1.1666  -1.5162   -0.553   0.2619   0.6409  -1.0913   0.1031   1.4878  -1.3175  -0.5759   0.7485   -0.147   1.6632   0.6482
 5 A  -0.5116  -0.0727  -0.3339  -0.7105  -1.3764    1.189  -0.1089   0.8758   1.8536   0.2834  -0.7194   0.8186   -0.468  -1.0675  -1.0207  -0.4349   -0.637  -1.2265  -0.4488   -0.433
 6 A   0.0674  -0.7334  -0.3497  -0.7194  -0.6691   -0.476  -0.5614  -0.7265  -0.8517  -0.1989   0.9555  -0.5569    0.116  -0.5604  -0.8418   1.6234   0.1837  -1.2362  -0.8316  -0.3094
 7 A  -0.8637  -1.5424  -1.6922  -1.7751  -0.8403  -1.4608  -1.6596  -1.8809  -1.3946   1.7461   1.0057  -1.4442   0.4577    1.366  -1.6119  -1.3035   -0.628  -0.7514   0.0008   0.7894
 8 A    0.518   1.9186  -0.3641  -0.6936   -1.306   1.3579   0.1287  -0.8064  -0.3325  -1.3515  -1.1393   1.2291  -0.6742  -1.5513  -0.8163  -0.1181  -0.4572  -1.3209  -0.9379  -0.9869
 9 A  -0.6458   1.3182   1.2091   0.0064  -1.6983   1.4303   1.1607  -0.8775  -0.1033  -1.5897  -1.3821    1.158  -0.8346  -1.6265  -0.8542  -0.1422  -0.4472  -1.3839  -0.9801  -1.3245
