            A        R        N        D        C        Q        E        G        H        I        L        K        M        F        P        S        T        W        Y        V
 1 A  -0.0195  -0.2023  -2.3811  -0.5111   0.1694   0.0555  -0.6776  -0.1777    0.093  -0.4563    0.663    0.733   0.1726  -1.7271  -0.7021   0.9751  -0.0069  -2.9401  -0.1756   0.1854
 2 A  -1.6384  -0.3035  -0.9698  -2.1141  -2.8363  -1.5786  -0.1929  -2.4716  -0.2148   1.5437   0.6955  -1.1494   0.8798   1.4115  -1.2431  -1.9999  -2.4342  -2.2316   1.8799   0.2081
 3 A  -0.8083  -0.6734   1.1377  -1.9125  -2.7819   0.5844  -1.8078  -1.7688  -2.4541   0.3307   1.3444  -0.0533  -0.4338   0.1365  -1.1845  -0.0359  -0.0294  -0.6712   0.7105  -0.0799
 4 A  -0.1433  -2.3238    0.662  -1.3262  -2.7251  -1.3586   0.3148  -2.7707  -2.5762   0.8538   0.3484   0.7214   1.2923  -1.2153  -1.7472   1.3438  -1.5005    1.561  -2.4595   0.2354
 5 A    0.551  -1.6936   0.4769    0.795  -2.7668    0.288    0.112   0.8019  -2.4573  -1.6388  -2.7034  -0.1488   1.0986  -3.0489  -1.0665    1.276   1.4116  -3.1997   -2.885  -1.0512
 6 A   -1.563   1.4558  -0.5514  -1.4288  -2.9181  -0.8488   0.1741  -0.5284  -0.6549  -0.4375   0.7795   0.0134    0.189   0.7694  -1.8149  -1.7357   0.6946  -2.5995   0.7248   0.0874
 7 A  -0.2526   1.2383   0.1523  -0.4495  -2.8935   0.4968  -0.8286  -1.0411  -0.6567  -1.8511  -1.8884   1.3762  -2.3977  -3.0812   1.0258   1.0611   0.0129  -3.2548  -2.7702   0.8232
 8 A   0.0844  -0.2755   0.9781  -0.7202   0.1683  -2.3695  -1.3655   0.3854  -1.3535  -0.0686   0.4285  -1.3746    0.147  -0.3419   1.0128   1.0472  -0.5802  -3.0208  -0.9271   -0.272
 9 A   0.2398  -0.0747  -2.6788  -0.5555  -1.3315   0.4252  -0.3026  -2.2935   -0.251   0.8145   1.4803  -0.5627   0.7083  -2.1005  -2.9423  -0.5552  -0.0411  -2.7335   0.6912  -0.5685
