            A        R        N        D        C        Q        E        G        H        I        L        K        M        F        P        S        T        W        Y        V
 1 A  -1.1891  -1.3265   0.6647  -1.8805    0.161   0.4213  -1.7762  -1.0958   0.1294   0.4479    -0.07  -0.5701  -0.5676   -0.243   0.1036   0.8262   0.9843    1.582   1.3484  -0.2467
 2 A  -0.4766  -2.5968   0.3893   0.6427  -2.7601   -2.427  -1.0247  -1.1405  -2.7266   1.1726   0.5195   0.1786   2.0014   0.5348   -3.023   -1.054  -0.6342   1.0159  -2.2607   0.3621
 3 A  -0.2864  -1.0156  -1.7056   0.1736  -0.6409  -2.4158  -0.5121  -0.3392  -0.7489    0.729     0.64  -0.2308  -1.8739   1.0379  -2.8947   0.4629   0.9799  -2.8378  -2.2138   0.3311
 4 A  -1.9082   0.1503  -0.0907  -1.3871  -1.4046   1.1354   0.2094  -1.4449  -0.2085   0.1042   1.2018   0.9027   0.6805   -1.112  -2.9213   -0.368  -0.9097   -2.728   0.6961  -0.2333
 5 A   0.7502   0.7207    1.182  -0.5529  -1.4017  -0.3724   1.4646  -0.9735   0.1447  -1.7382  -1.4753  -1.1173  -2.5671  -2.0575   0.9148   1.6203  -1.9867  -3.2356  -2.7295   -1.117
 6 A   0.8026  -0.9538  -0.2866  -0.7634  -0.1672   0.2351   -2.372  -0.4519  -2.6124   -0.463   0.9484   0.0913  -1.9194    0.238  -1.1236   0.8417   0.8195  -2.8574  -0.4638  -0.6959
 7 A   0.4225   1.2833  -2.5632  -0.5308  -2.8122  -2.0729  -0.2681  -2.2273  -2.6563   0.5667  -0.3277   1.1832   0.1591  -0.8999   0.6317  -2.2087  -0.0356   0.6181  -1.5074    0.884
 8 A   0.3658   0.3642   0.9799  -0.4889   -2.724  -2.2447  -1.7843    0.636  -2.5246  -0.2899   0.2647  -0.3452   1.9034   -2.501  -2.8492    0.829  -1.5519  -2.9786  -0.5333   0.3718
 9 A  -0.7742   0.8102  -0.8094  -0.2929  -2.8128   1.0182  -0.0754  -1.4043  -0.2433  -0.5923   1.3317  -0.1354  -0.0808  -0.5601  -1.7697   0.6453  -0.0217  -2.9708  -2.4752  -0.2505
