            A        R        N        D        C        Q        E        G        H        I        L        K        M        F        P        S        T        W        Y        V
 1 A  -0.6789   1.3863  -0.8275   -1.259  -1.1985  -0.4525  -0.7926  -1.3665  -0.4463  -0.3645   0.7536   -0.202  -0.0449   1.1235  -1.3126   0.2578  -0.5558  -0.4253   1.3134  -0.5241
 2 A  -0.8575  -0.2967   2.0703  -0.1077  -1.5465   1.0193  -0.1333  -0.7654   2.4188  -1.1502  -0.9039  -0.2567   0.8986  -1.0505  -1.1436  -0.2147  -0.4986  -1.2585  -0.2816  -1.1692
 3 A  -0.7786   0.6694  -0.9902   -0.611  -1.1651  -0.1732   1.1828  -1.6357  -0.8549   1.0189   0.8985  -0.3014   0.1274  -0.5689  -1.2473  -0.8173  -0.6495  -1.2518  -0.8792   0.1599
 4 A  -0.5089  -0.9939   0.7635  -0.8413  -0.9579   -0.845  -0.9268  -1.0944  -0.8059  -0.0575    0.355  -0.9052  -0.1341   1.6629  -1.2406   0.4496   0.6594  -0.7171    0.114   0.3609
 5 A  -0.5756  -0.8133   1.5449  -0.4133   -1.363  -0.5474  -0.6303   0.6267   1.5222  -0.8151  -1.2243  -0.6194   -0.981  -1.3535   2.1121  -0.3386  -0.5295  -1.6401   -0.782  -0.0519
 6 A  -0.4088   -0.839   0.8964   0.8132  -0.9694  -0.5777  -0.4674  -0.9121  -0.7777  -0.2429   1.0703  -0.6852   0.0342  -0.6258  -1.0803   0.9687  -0.1962   -1.353  -0.9619  -0.4338
 7 A  -0.8184  -1.2193  -1.5936  -1.8678  -0.9338  -1.0937  -1.4029  -1.8611  -0.5215   0.4203   1.5351  -1.2613   0.4481   0.4861  -1.5489   -1.215  -0.7424   -0.181   1.9737   0.5994
 8 A   0.4359  -0.4919  -0.7179  -0.6868   1.8038  -0.2503   0.6011  -0.9476  -0.5004   0.1751  -0.6852   0.5095  -0.5551  -0.4492  -0.9397   0.4966  -0.3542  -0.7813   1.1046  -0.3306
 9 A   1.0373    0.695   -0.512  -0.8671  -0.6687  -0.3824  -0.5568  -0.6595  -0.9177  -0.3767  -0.7308  -0.2582  -0.5146  -1.1626  -0.7628   0.7902   1.3212  -1.3822  -0.9924   0.3734
