            A        R        N        D        C        Q        E        G        H        I        L        K        M        F        P        S        T        W        Y        V
 1 A  -0.8192  -0.8359   0.7921  -0.8872  -1.2036  -0.5834  -0.7867  -1.3155   2.3721   0.5544   0.3218  -0.8533  -0.1349  -0.0975  -1.3566  -0.7425   -0.658  -0.6225    1.332   0.4491
 2 A  -0.7658   1.5321  -0.5421  -0.5949  -1.5681   1.7044   0.8725  -1.3386  -0.1167  -0.9254   0.0218    0.287  -0.3536  -0.4685  -1.1126  -0.5197  -0.6752  -0.6713   1.1395  -0.8995
 3 A  -0.4712  -0.9918  -0.8414  -1.2387   -0.778  -0.7962  -1.0122  -1.3833  -0.8071   0.1679   0.8356  -0.8975   0.0899  -0.0867  -1.0934  -0.1935   1.6371  -0.6401   1.1491   0.5553
 4 A  -0.4931  -0.4329   1.5246  -0.4413   -1.074  -0.3987  -0.5369   -0.939  -0.6849  -0.1487  -0.7295   0.5039  -0.5802   -1.208   1.2792  -0.1769   0.6786  -1.5966  -1.0568   0.7561
 5 A  -0.5365  -1.1859  -1.0799  -1.4011  -0.9184   -1.064  -1.2516   0.4761  -1.1794   0.1056   1.4809  -1.1284   0.3447   1.0497  -1.3983   0.2013  -0.5627  -0.8665  -0.2823  -0.1777
 6 A   0.4914  -0.9151  -0.8443  -1.1318  -0.6923    -0.66  -0.8554  -0.9376  -1.0332   0.0429   1.2347  -0.7806   1.2871  -0.4185  -1.0488   0.9674  -0.1745  -1.1762  -0.8059  -0.1011
 7 A  -0.1441   -0.709  -0.3422  -0.5075   1.8172   -0.242   0.6267   -0.921   1.4818  -0.5387  -0.8887  -0.5011  -0.6238   -1.128  -0.8926   1.0778   0.7661  -1.3859  -0.6534   0.1942
 8 A    0.603   1.4495  -0.3049  -0.7117  -0.8895   -0.092  -0.3577  -0.6446  -0.5934  -0.9326  -0.7087   0.0879   0.9406  -1.1391  -0.8158   1.4607   0.0217  -1.3279  -0.9607   -0.714
 9 A  -0.7299   1.4172  -0.8974  -1.2259  -1.2002    0.897  -0.5251  -1.5524   -0.457    0.996  -0.2021  -0.0603  -0.1594  -0.2756  -1.3044  -0.7858  -0.5772  -0.6986   1.1455    0.631
