            A        R        N        D        C        Q        E        G        H        I        L        K        M        F        P        S        T        W        Y        V
 1 A  -0.2471   0.5458  -0.5162  -2.7034  -2.7723  -0.1666  -0.6776  -2.1886  -1.2405   0.6912  -0.0759   0.0315  -1.9608   0.7208   1.2812   0.1617  -0.1424  -0.5958    1.068   0.4498
 2 A  -1.8533  -0.7961   0.3093  -1.3457  -2.8451   0.9512   -0.202  -1.0913   0.1857   -0.322    0.984     1.09   0.2684   0.1876  -2.9041  -0.7407  -2.2527  -2.5717   0.9277   0.7375
 3 A  -1.4509   1.2533   0.1383   -2.742  -0.1233   -2.203  -1.8097  -2.2212  -1.3194    1.098   0.8244  -0.2638   1.7026  -0.7623   0.3563   0.5984   0.0391  -2.9103  -1.4428  -0.9055
 4 A   0.7174   -1.632  -0.0439  -2.6637  -2.6931   1.9203  -1.6076   0.5283  -2.4821  -0.9412   0.5325  -0.1165   2.2003  -1.1714  -1.7203  -0.9121  -2.1995   1.3778  -2.4086   0.2499
 5 A  -0.7516   0.1565   0.5796  -2.6422  -2.7658  -0.8516  -0.2598  -0.8438   0.8631   0.7988   0.9455   0.1496  -0.9299  -1.0575  -1.1301  -0.7394  -1.1844   1.0836   0.1942   0.6989
 6 A  -2.1032  -2.0383  -0.1593  -0.5941  -1.3366   1.6587   0.4396   -2.082   1.3481   0.5725  -1.3803   0.7283   0.6738  -1.2693  -0.6244   1.1777   0.6947    -2.98  -1.3964   0.0333
 7 A   0.4951  -0.6502   1.2072  -1.2936  -2.7299  -0.8871   -2.354   -2.006  -0.6295  -0.4626    0.407  -0.9794  -2.1043  -0.0831   2.3395   0.7259  -0.3063  -3.0346   -0.847  -0.3774
 8 A  -0.9673  -1.8305  -1.6825   0.7952  -0.5981    1.258  -1.2414  -0.4633   -2.629   1.2663   1.3113  -1.3791  -0.8605   0.3319  -2.9498  -0.5122   0.1637  -2.7559  -0.3927  -1.3649
 9 A  -0.5217  -0.8898   1.0476  -0.6276  -1.3274   1.2809  -0.5963  -0.7696   0.1957  -1.3579   0.4215  -1.6463   0.2111   0.9129   -0.056   1.1689  -0.5244  -2.6575   0.2219  -0.3993
