            A        R        N        D        C        Q        E        G        H        I        L        K        M        F        P        S        T        W        Y        V
 1 A  -1.6314   0.3136   1.3883  -2.3288  -2.5837  -1.2474  -0.2962  -0.4244   0.0145   0.1514   0.5175  -2.1595  -0.2763   0.5108  -2.8145   0.1929  -0.6371    0.906  -0.1612   1.1747
 2 A  -1.0107   0.2713   0.3666  -0.4883  -2.7561  -0.5748  -1.9571  -1.9334   1.3911  -0.6795   0.8975   1.4756    0.875  -2.2869   0.3687   0.5777  -2.0313   2.0416  -2.0827  -1.6424
 3 A   0.5814  -1.5024  -0.3181   -1.734  -2.5169   1.2307  -2.1233  -0.8426   0.0279   1.0159   0.1193   0.1915  -1.7077   0.1932  -0.8951  -0.7232   0.6253  -2.3886   1.1122   0.0536
 4 A  -2.2424  -2.3074   0.2898  -1.2655   0.4284   1.0962  -1.1501  -2.1671  -0.4551   1.0156   1.2509  -0.1746   1.2861  -1.2261  -1.6291  -2.3626  -2.1115   0.3896   0.5879   0.7661
 5 A   -0.178   1.7041  -1.4433  -2.4943  -2.5889   0.6891  -1.0411  -1.9429   0.0119   0.1935  -0.1075  -0.9166  -1.8042    0.982  -0.1314   1.2677  -1.8815  -2.6314  -1.9492   0.6037
 6 A    0.061   0.1701    1.025  -0.7542  -0.4227   0.0268  -0.7436   0.3333   1.2341   -0.905   0.0836  -2.0396   1.9489  -1.0404   1.0287  -0.7242  -0.4023   0.3526  -2.2093  -0.5488
 7 A   0.5729   0.0257  -2.3583   -0.517  -2.5835   1.8956   0.0103  -1.5015  -2.2106  -1.3812   1.3596  -1.0187   0.1481  -1.3753   0.7383  -1.0677  -0.6824  -2.5716   0.5656  -0.6825
 8 A  -0.4757  -1.0914   0.3761  -0.4631  -2.4992   0.4847  -1.0358  -1.0805   0.0282   0.5022  -0.0091  -1.5091   0.6459  -1.4375   0.3808   1.4203   0.9804  -2.6239   0.5675  -0.2842
 9 A  -0.7367  -0.8599  -0.9397  -0.8079    -2.68  -1.0888  -2.0062  -0.6146   1.0493   0.2927   0.4881   1.7867   0.8714  -1.5552   1.2804   0.2052  -1.4133  -2.8517  -1.2609  -0.3215
