            A        R        N        D        C        Q        E        G        H        I        L        K        M        F        P        S        T        W        Y        V
 1 A  -2.0628  -1.6569  -1.5224  -2.7221  -2.5831  -2.3719  -2.5245   0.7661    0.903  -1.6507   1.0446   -0.602   0.1878   2.1056   0.4051    0.356  -1.0006  -2.1801  -0.2865   0.0068
 2 A  -2.0722   0.1435   0.9865   0.5269   0.1133   1.1937  -1.2637  -0.7894  -2.2198    0.756   0.4729   1.1287  -1.7083  -2.4203  -1.4582   -0.232  -0.5855  -2.8986  -2.4827    0.179
 3 A  -0.9182  -0.1134  -1.4531  -1.1585  -2.5048   0.3344  -1.0268  -2.7109  -2.2245   1.4376  -1.3267    0.526   2.0199  -0.1844  -0.4057   0.5251   0.5707     1.36   0.6638  -0.2756
 4 A   0.6464  -1.0165  -0.5888  -0.7977  -0.9881   1.5073  -2.0493  -2.6026  -2.3611   0.3477   1.2523  -0.7476   1.3349   -2.022  -1.4715   0.1171  -0.8881   -2.658  -0.6262   0.4565
 5 A  -2.0798   0.7989   0.4054  -2.3961  -1.0835   0.3346   -1.033  -1.9743   1.4618   0.4894   0.6936  -0.6886  -1.6221   0.0529  -0.0817   0.5098  -0.3272  -2.3831   0.8683   0.1795
 6 A    0.366  -1.6095  -1.0091  -1.1518  -2.4296  -0.6694  -0.2191  -1.9194  -1.1331   0.1935    0.505  -0.7962   0.7236  -0.5668   2.2349  -0.0584  -1.3248  -2.8314  -1.2245   0.9211
 7 A   0.1228   0.5516   0.0121  -0.2059  -1.0574     0.73  -1.4057  -1.8732  -0.9747   0.3565   1.0787  -0.4327  -0.2019  -0.4654  -0.0677    0.843  -1.9125  -2.4429   0.8339  -1.7654
 8 A  -1.1336   0.0972    0.244  -0.4257   1.2187   0.9004  -1.3918   0.3912  -2.3246  -0.0272    0.396   0.4177    0.708  -2.4205  -1.4471   0.5482   0.4348  -2.8567  -2.5033   0.0307
 9 A  -0.0827  -0.6144   1.0022  -2.0987  -2.5394   1.0522  -1.3446   0.4252   1.1339  -0.1086  -0.4998   -0.429  -1.9565   0.3485  -1.4126    1.597  -0.5066  -2.6407  -1.0864  -0.3235
