            A        R        N        D        C        Q        E        G        H        I        L        K        M        F        P        S        T        W        Y        V
 1 A  -2.0887   0.8972   0.1711  -1.7105  -2.5662    0.306  -2.1495  -1.5239  -2.3643   0.2889   1.2526   0.7337   0.4955   0.3701  -0.8971   0.5836  -1.9589  -2.6478  -2.1045   0.2862
 2 A  -0.4004   0.0487   0.1326  -2.6705  -2.6629   0.0208  -2.2817  -2.8279  -1.0232   0.7447   0.6854    0.703   0.1523   0.7246   1.0508  -2.2334  -2.1574   1.8843   1.1689  -0.2294
 3 A  -2.1181   0.3065   0.3968  -1.0824  -2.7255   1.6955  -0.8924  -1.1223   0.4133   0.5243   0.5815   1.1862  -1.6949  -0.2787  -2.6062  -0.0724     0.06  -2.5641   0.1396  -0.6451
 4 A   0.5435  -2.2017  -2.2013   -1.598  -2.5332   0.8686  -0.1781  -1.3992   1.4108   0.6041   0.0906  -0.4915  -0.3255     -2.5   2.2056   0.8323  -0.9095   -2.974  -2.2933  -0.6386
 5 A  -2.0851  -1.0974  -1.5957  -2.6442  -2.5296   1.6625  -0.7374   -0.648  -0.4326   0.5374   0.9914  -2.1697    1.137   0.2211   0.5778  -0.1465  -2.0294   0.4176  -0.1454   0.9108
 6 A  -0.0289   0.8044   0.3908  -0.7006   0.4487   1.4083   0.2177   -0.564  -2.1945  -0.4166   0.5777   0.4341   0.9015  -2.4593  -1.4642  -0.0431  -0.3471  -2.8526  -2.4796  -0.4855
 7 A   0.5192   0.3418   0.6716  -0.7767    0.107  -0.3006  -2.2268  -1.8629  -2.3504   0.3129   0.2151  -2.0759   0.4165   0.9066   1.5173  -0.0369   0.6591  -2.6447  -1.1164  -1.0959
 8 A  -0.1731  -0.7232   1.9132  -2.1256  -2.5003  -2.0301  -0.2448  -1.8568   0.0874   0.0282   0.5973  -1.5434  -0.8049  -1.2771  -2.6662   0.5132  -0.5681   -2.459   1.1231   1.0192
 9 A  -1.9156   0.7098   0.4315  -1.4412  -2.8012   1.1847  -0.5641  -0.7641   0.6893  -0.4117  -1.3903   0.9625  -2.2008   0.0986   1.7079   1.4447  -0.5646  -2.7557  -0.5981   -2.374
