            A        R        N        D        C        Q        E        G        H        I        L        K        M        F        P        S        T        W        Y        V
 1 A  -0.5682  -0.7066  -0.9981  -0.7979  -1.0194   0.9681   0.7154  -1.5031  -0.7994   0.3106   0.5158  -0.5404   0.0574   1.0545  -1.2651  -0.7314  -0.5147  -0.8869  -0.1564    0.988
 2 A  -0.8068   0.7483   0.7977  -0.9855  -1.1184   -0.647  -0.9413  -1.3246  -0.8215   0.6961   0.4695   -0.494  -0.0453  -0.4278  -1.4749  -0.7793  -0.5519    2.856  -0.3579   0.5997
 3 A  -0.5242   0.7672  -0.2302   1.6245  -1.0625  -0.4108  -0.1505  -1.1578  -0.9167   0.0058  -0.6097  -0.3165   -0.496  -1.1243  -1.0444  -0.2909    0.711  -1.5112   -1.096   0.8828
 4 A  -0.9766  -1.4162  -1.7049   -1.876  -0.9401  -1.4332  -1.6156  -1.8519  -1.2351   0.9112   1.4801  -1.4772   0.5188   1.9301  -1.7132  -1.3391   -0.819  -0.4922   0.3279   0.2559
 5 A  -0.0956  -0.4235   1.8212  -0.0216  -1.0791   -0.129   -0.204  -0.4103    1.746  -1.5153  -1.5259  -0.2771  -0.9603  -1.2636  -0.7926   1.6009   0.1423  -1.4139  -0.5809  -1.2498
 6 A    0.495  -0.2834   1.0186  -0.3857  -1.1127   1.7068   0.0427  -0.6209  -0.2813  -1.0834  -0.9373  -0.1132  -0.5719   0.8949  -0.9077   0.7016  -0.2195    -0.97   -0.225  -0.8717
 7 A   0.3259  -1.2096  -1.4905  -1.6344  -0.7679  -1.0286  -1.2905  -1.3246  -1.1599   0.8497   1.1886  -1.1392   1.4134   1.1952  -1.3712  -0.7733  -0.5998  -0.7676  -0.1107   0.2807
 8 A  -0.1608  -0.0409  -0.4762  -0.7979  -0.8601  -0.1603  -0.3481  -0.9923  -0.9183   0.0586  -0.5253   1.2459  -0.3484  -1.0774   -0.823   0.6379   0.8499  -1.4005  -0.9268   0.9274
 9 A  -0.4623    1.602   1.7253  -0.2733  -1.2309  -0.0691  -0.3527   -0.766  -0.3249  -0.6506  -0.9934   0.1624  -0.7124  -1.2838  -1.0375    0.628  -0.1661  -1.4548  -1.0179   0.1288
