            A        R        N        D        C        Q        E        G        H        I        L        K        M        F        P        S        T        W        Y        V
 1 A  -1.7164  -0.0114   0.5368  -0.2024   0.0728   0.4986  -0.0645  -0.8791   1.1868  -2.2749  -1.4512   1.2318  -3.0502  -2.9355   1.0538   1.2741  -2.1212   1.6917   1.5517  -1.4731
 2 A  -2.0284  -0.4706  -0.1697  -3.3303  -0.7722   1.6033  -2.3085  -0.6633  -2.9902   0.7191    0.156  -1.1021   1.1037    1.112  -0.2981   0.4108   -0.739  -0.4333   0.6966   0.6683
 3 A   0.1604  -3.1152  -0.0529  -2.0429  -0.7537  -1.1099  -0.5529  -3.5281  -1.2673   1.0347   1.2028  -0.0389   1.2187   0.9439  -3.5181  -0.3215  -0.0464   0.0711    0.328  -0.6746
 4 A  -1.3268    0.896   0.7531  -1.2976  -3.4512   0.4672  -1.8362   0.3752   0.0603     -0.1   0.3066   0.0208   0.8673    0.193  -1.7448   0.2751  -0.4262   0.9859   0.5679  -0.4724
 5 A   0.3506   0.5822   1.5786  -0.7752  -3.4529  -1.7952   0.7809  -1.0326   0.7193  -0.2108    0.373   0.5045  -2.6726  -0.9211  -1.2845  -0.9979   0.1645   1.1825  -2.9431  -0.7102
 6 A   0.3035  -1.6229  -1.8783  -3.5527  -1.8832  -0.5759  -3.2652  -0.2261  -3.2025  -0.0246   1.3073  -2.0397  -0.3032   1.0041    0.806   0.6124   -1.162   0.4477   0.6942   0.2287
 7 A  -0.9194  -0.6312  -1.3542   0.1815   0.1088   0.0491  -1.4918  -2.7016   -3.191   0.8515  -1.1018  -0.3245   0.0942  -1.4502   1.3739   1.6504  -1.0709  -0.5031  -0.7398   1.1433
 8 A  -0.2754  -2.1497   1.4993  -1.1724  -3.4105   0.5998   0.4551  -0.0195   0.7258  -0.3291   0.0818   0.4277   0.4391  -1.4662  -0.6813   0.9783   0.3625  -3.4944  -0.4591  -2.0517
 9 A  -0.0883  -1.8511   0.6073  -0.6291  -1.2217   0.6855   0.2843  -0.3867  -3.0302  -1.6487   0.9146  -1.5359  -0.6825  -1.4577   0.5405   1.4326   0.8627   -3.582  -1.5048  -0.7014
