            A        R        N        D        C        Q        E        G        H        I        L        K        M        F        P        S        T        W        Y        V
 1 A  -0.8822   0.9607   0.9997  -0.8373  -1.2065  -0.4298  -0.7776  -1.2709  -0.2062  -0.1976   0.9841  -0.2915   0.0991   0.1189  -1.3329  -0.6652  -0.6208  -0.4192   1.4603   -0.408
 2 A  -0.6709  -1.0814  -1.2781  -1.5687  -0.7087  -0.9906  -1.2786  -1.6357  -1.3732   0.4877   1.8196  -1.0952    0.692  -0.0657  -1.3192  -0.6968   0.7404  -1.0333  -0.6915   0.2095
 3 A   0.5777  -0.4205  -1.0373  -1.2014  -0.7246  -0.4224  -0.6928  -1.0358  -1.0333   0.9033   0.1607    0.641    1.341  -0.6195  -1.0096  -0.4048  -0.3306  -1.2265  -0.7877   0.8683
 4 A   0.6543  -1.1596  -1.0239  -1.3089  -0.7531  -0.8867  -1.0514   0.8942  -0.6193   0.2441  -0.3591  -0.9547  -0.3113  -0.0807  -1.1155  -0.3998  -0.4161  -0.4953   1.4352   1.0873
 5 A  -0.6051  -0.3049   -0.421   1.1354   2.1602  -0.0585   0.9801  -1.1618  -0.7514  -0.6612   0.2335   0.7425  -0.3819  -1.0568  -0.9864  -0.4463  -0.5984  -1.4553  -1.1183  -0.7069
 6 A  -0.4122  -0.8536  -0.8881  -1.2094  -0.8213  -0.5193  -0.9052   -1.183  -0.7342   0.1027   0.4817  -0.7879   2.4985   1.3171  -1.2491   0.4944  -0.2725  -0.6067   0.0476  -0.0755
 7 A   0.7413  -0.5796  -0.1441  -0.6044   -0.714  -0.2706  -0.3734  -0.5677   1.8225  -0.8594  -0.9871  -0.4132   -0.619  -1.0759  -0.6555   0.9922   1.5592  -1.2265  -0.4341  -0.5164
 8 A  -0.5608   1.1385  -0.6238  -0.8822  -1.1508   1.8687   0.0486  -1.3088  -0.4838  -0.0435   0.4425   0.1767   0.0307  -0.8874   -1.117  -0.5271  -0.4608  -1.2169  -0.7676   0.4718
 9 A  -0.6373  -0.3672  -0.5559  -0.0825  -1.6011   1.3093   1.6436  -1.2095  -0.3416  -1.1994  -0.9796  -0.0501  -0.7175    1.056   1.6462  -0.3857  -0.6427  -0.9475  -0.1522     -1.1
