            A        R        N        D        C        Q        E        G        H        I        L        K        M        F        P        S        T        W        Y        V
 1 A  -1.5436    0.846  -3.0358  -3.3579  -1.2771   0.4708  -1.5098  -0.5441    1.176   0.2224  -0.0505   0.9538  -1.0876   0.4197   -0.987   0.0853  -2.2311   1.3932   1.6816   0.3766
 2 A  -0.7419   0.4708   0.1964  -1.9636  -0.4253  -1.0831   0.4852  -2.0006  -3.0594   0.7544   0.6224  -1.5895  -0.6335   2.0296  -1.7716   0.3369  -0.5837   -3.052  -0.5549  -0.5112
 3 A  -0.2188  -0.1361  -0.0124  -0.8678   -1.992   1.2594  -2.1604   0.1801   0.7089   0.2095   0.4718    1.339  -1.6371  -0.0619  -2.3491   -1.844  -0.9712   2.2554  -2.7208  -0.3666
 4 A   0.2484  -0.2013  -0.4584  -0.6998  -3.2318  -1.9898  -1.2857   -0.122   0.0316  -0.4363   1.1551  -0.4597   1.1053    -1.34  -2.3386   1.0528   -0.724   1.5394  -0.2124  -0.1578
 5 A  -0.1343  -0.8351   1.0634  -2.5271  -1.8905  -0.5444  -3.1608  -2.3282   0.0354  -0.1847    1.792  -2.4129   1.5565   -1.269   0.1696   0.0916  -0.9375  -3.2971   0.2913   -0.722
 6 A  -0.5621  -1.4599  -2.2543  -3.2711   0.3063  -0.5097  -2.9292  -0.4101  -0.8261    0.691   0.0632   1.0366   0.0991  -1.4278   1.6851   1.0105   0.3606  -3.5161  -0.0518  -0.0702
 7 A   0.8772  -1.4724   1.5888  -1.1298  -3.2753   0.7012   0.7317    0.293   -2.857   -0.577  -2.4823  -1.7592  -1.8664  -2.5721   0.0676   1.8683  -0.6525  -1.3715  -3.3247   -0.315
 8 A  -0.8431   0.4773   0.1033  -0.1364  -3.2812  -1.0888  -1.8897  -1.0765  -1.9331  -0.4256    0.843  -0.7364  -1.5701   0.9789   0.5286   0.2017   1.1204  -3.3575  -1.3602   0.5018
 9 A  -0.7119  -0.7587   0.8261   -0.104  -0.7854  -0.2761  -0.2193  -0.7572   -1.882  -0.1852   0.4291   0.7905  -0.3833    0.264   0.9754    0.503  -0.2738   0.4164  -2.9352  -0.1885
